000000000000000000001111
000000000000000011110000
000000000000001111111111
000000000000110011001100
000000000000111100000000
000000000000111100111111
000000000000111111110011
000000001111000000000000
000000111111000000001111
000011001100000000001010
000011110000000000000000
000011110011000000001111
000011111111000000000101
000011111111111111110001
000011111111111111110010
000011111111111111110100
000011111111111111111000
000100111111001111111111
000100111111111100111111
000111110011001111111111
000111110011111100111111
000111111111111111110000
001000101111001011111111
001000101111111011001100
001011101100001011111010
001011101100111011001110
001011101111111011110110
001011101111111011110111
001011101111111111110010
001011111111111011110100
001011111111111111110000
001100001111000011110000
001100011111001111111111
001100011111111111110011
001100111111000111111111
001111011111111111111000
001111011111111111111001
001111111111000111110101
001111111111110111111000
001111111111110111111001
010011001110110011101110
010011001110111100101010
010011110010110011101100
010011110010111100101111
010011111110111111100110
010011111110111111100111
010011111110111111110010
010011111111111111100100
010011111111111111110000
010111110000111100000000
010111110001111100111111
010111110001111111110011
010111110011111100011111
010111111101111111111000
010111111101111111111001
010111111111111100010101
010111111111111111011000
010111111111111111011001
011011101110111011100110
011011101110111011100111
011011101110111111110010
011011111111111011100100
011111001100110011001110
011111001100111111111010
011111001101110011111110
011111001101111111111010
011111001111110011011110
011111001111111111011010
011111001111111111011011
011111011100111111001110
011111011100111111111010
011111011101111111111000
011111011101111111111001
011111011111111111001100
011111011111111111001101
011111011111111111011000
011111011111111111011001
011111011111111111101100
011111101110111011100110
011111101110111111110010
011111101111111111011010
011111111100110111001110
011111111100110111111010
011111111100110111111011
011111111101110011111100
011111111101110011111101
011111111101110111111000
011111111101110111111001
011111111101111011111100
011111111110110111111010
011111111111110011001100
011111111111110011011100
011111111111110111001100
011111111111110111011000
011111111111110111011001
011111111111111011100100
100010001000100010001000
100010111111101111110111
100010111111111110110111
100010111111111111110011
100011111011101111110111
100011111011111110110111
100011111011111111110011
100011111111101111110101
100011111111111110110101
100011111111111111110000
100110111111101111110111
100110111111111110110111
100110111111111111110011
100111111011101111110111
100111111011111110110111
100111111011111111110011
100111111111101111110101
100111111111111110110101
101010100000101000000000
101010100111101011111111
101010100111111011001100
101010101111101001111111
101010101111101011110111
101010101111101101111111
101010101111101111110111
101010101111111001000100
101010101111111101111011
101010101111111110110111
101010110111101011111111
101010110111111011001111
101010111111101011110111
101010111111111101111011
101011100100101011110010
101011100100111011001110
101011101100101001111010
101011101100101101111111
101011101100111001001110
101011101100111101111011
101011101111111110110111
101011110111101011111101
101011110111101111111101
101011110111111011001101
101011111011101011110111
101011111011111011110111
101110001111101101111111
101110001111111100111111
101110001111111101111011
101110011111101101111111
101110011111111100111111
101110011111111101111011
101110100111101011111111
101110100111111011111100
101110101111101001111111
101110101111111110110111
101110110111100011111111
101110110111100111111111
101110111111110110111111
101110111111110111111011
101111001111111101111010
101111001111111101111110
101111011011101111111111
101111011011111110111111
101111011011111111111011
101111011111101111111101
101111011111111101111010
101111011111111110111101
101111101111101001111010
101111110011100011111111
101111110011100111111111
101111110111100011111101
101111110111100111111101
101111110111110011111100
101111110111110011111110
101111110111110111111100
101111111011101011110111
101111111011110110111111
101111111011110111111011
101111111111110110111101
110000001010000010100000
110001001110110011101110
110001001110111110100010
110001111010110011101100
110001111010111110101111
110001111011110011101111
110001111011111110101111
110001111111110011101101
110001111111111110101101
110001111111111110111101
110010111111111110100111
110010111111111111100111
110011001110010011101110
110011001110011110101010
110011001110011110111111
110011001110011111111011
110011111010010011100100
110011111010011110101111
110011111010011110111111
110011111010011111111011
110011111010101111110111
110011111010111110100111
110011111010111110110111
110011111011011111111011
110011111011111110100111
110011111110101111110111
110100111111111110001111
110100111111111110011111
110101111010111110101111
110101111010111111101100
110101111011111110001111
110101111011111110011111
110101111111111110001101
110101111111111110011101
110101111111111111001100
110101111111111111001110
110101111111111111011100
110110111101101111111111
110110111101111110111111
110110111101111111111011
110110111111101111011111
110110111111111110100111
110110111111111111011011
110111111000001111111111
110111111000011110111111
110111111000011111111011
110111111001001111111111
110111111001011110111111
110111111001011111111011
110111111010011110101111
110111111010101111110111
110111111011101111011111
110111111011111111011011
110111111100011111111010
110111111100011111111110
110111111101011111111010
110111111101101111111101
110111111101111110111101
110111111110011110101010
110111111111101111011101
111000101010001010101111
111000101010111011101100
111000101111111001101111
111000101111111001111111
111000101111111100101111
111001101110111001101110
111001101110111001111110
111001101110111100101111
111001111110111001101110
111001111110111100101111
111001111111111110101101
111010100010101000101111
111010100010111011101100
111010101010101010100111
111010101010101111110111
111010101010111011100100
111010101010111110110111
111010101111111101111011
111010111111101010100111
111011100110001011111111
111011100110011011101110
111011100110011111101110
111011100111001011111111
111011100111011011101110
111011101110001010101010
111011101110101000101010
111011101110101010100010
111011110010001011111111
111011110010011011101111
111011110010011111101111
111011110111101011111101
111011111010011111111011
111011111011101010100111
111100000000000000000000
111100000101000011110000
111100001111000001010000
111100001111111100011111
111100001111111100101111
111100001111111101001111
111100001111111110001111
111100010101001111111111
111100010101111111110011
111100011111111100001111
111100101111111001001111
111100101111111100001111
111100111111000101011111
111100111111110110001111
111100111111110110011111
111101000100110011001110
111101000100111111110010
111101001110111100101111
111101001110111101101110
111101001110111101111110
111101001111111100001111
111101001111111101001110
111101010000111100000000
111101010001111100111111
111101010001111111110011
111101010101111111110001
111101011011111110001111
111101011011111110011111
111101011111111101010001
111101011111111110001101
111101011111111110011101
111101101111111001001110
111101111010110110101111
111101111010110110111111
111101111010110111101100
111101111011110011001111
111101111011110011011111
111101111011110110001111
111101111011110110011111
111101111011111011001111
111101111110110110101111
111101111111110011001100
111101111111110011001101
111101111111110110001101
111101111111110110011101
111101111111110111001100
111101111111111001001110
111110001101101101111111
111110001101111100111111
111110001101111101111011
111110001111101101011111
111110001111111100001111
111110001111111101011011
111110011101101101111111
111110011101111100111111
111110011101111101111011
111110011111101101011111
111110011111111101011011
111110100111101011011111
111110100111101111011111
111110100111111011011100
111110101101101001111111
111110101101111001111111
111110110101100011111111
111110110101100111111111
111110110111100011011111
111110110111100111011111
111110110111110011001111
111110110111110011101111
111110110111110111001111
111110111101101001111111
111110111101110110111111
111110111101110111111011
111110111111110111011011
111111001100010001001110
111111001100011110111111
111111001100011111111010
111111001100011111111011
111111001100101101111111
111111001100111101111010
111111001100111101111011
111111001101011110111111
111111001101111101111010
111111001110101101111111
111111011000001111111111
111111011000011110111111
111111011000011111111011
111111011001001111111111
111111011001011110111111
111111011001011111111011
111111011010011110101111
111111011010011111101111
111111011011011110101111
111111011011101111011111
111111011011111111011011
111111011100011111111010
111111011100101101111111
111111011101101111111101
111111011101111110111101
111111011110011110101010
111111011111101111011101
111111100100001011111111
111111100100011011111110
111111100100011111111110
111111100111101011011111
111111101100011110111111
111111101101101001111010
111111110000000111111111
111111110000001011111111
111111110000010011111111
111111110000010100000000
111111110000100011111111
111111110001000011111111
111111110010000011111111
111111110010010011101111
111111110011010100011111
111111110011100011011111
111111110011100111011111
111111110100000011111111
111111110100010011111110
111111110101010111110001
111111110101100011111101
111111110101100111111101
111111110110010011101110
111111110111010011101110
111111110111100011011101
111111110111100111011101
111111110111110011001100
111111110111110011001101
111111110111110011011100
111111111000000011111111
111111111000010110111111
111111111000010111111011
111111111001010110111111
111111111001010111111011
111111111011110111011011
111111111101110110111101
111111111111000101010101
111111111111010001000100
111111111111010100010101
111111111111010101010001
