000000000000000000001111
000000000000000011110000
000000000000001100110011
000000000000110011111111
000000000000111100000000
000000000000111111001111
000000000000111111111100
000000001111000000000000
000000110011000000000101
000011001111000000001111
000011110000000000000000
000011111100000000001111
000011111111000000001010
000011111111111111110001
000011111111111111110010
000011111111111111110100
000011111111111111111000
000100010001000100010001
000111011111110111111110
000111011111111111011110
000111011111111111111100
000111111101110111111110
000111111101111111011110
000111111101111111111100
000111111111110111111010
000111111111111111011010
000111111111111111110000
001000110111001101110111
001000110111111101000101
001011110100001101110011
001011110100111101001111
001011110111111101110110
001011110111111101111110
001011110111111111110100
001011111111111101110010
001011111111111111110000
001100000101000001010000
001100100111001101110111
001100100111111101010100
001100110111001001110111
001100110111111001010101
001100110111111011011111
001100110111111011111101
001111011111111101011110
001111011111111101111110
001111100101001101110011
001111100101111101011111
001111101101001101111111
001111101101111101011111
001111101111001101111011
001111101111111101011011
001111101111111111011011
001111110101001001110010
001111110101110111111110
001111110101111001011111
001111110101111011011111
001111110101111011111101
001111110101111101011110
001111110101111111011110
001111110111110111111110
001111111101111011111101
001111111101111101011110
010001001111010011111111
010001001111011100110011
010001110011010011110101
010001110011011100110111
010001111111011111110110
010001111111011111111110
010001111111111111110100
010011111111011111110010
010011111111111111110000
010101010000010100000000
010101011110010111111111
010101011110011100110011
010101011111010111101111
010101011111010111111110
010101011111011100100010
010101011111110111101111
010101011111110111111110
010101011111111111011110
010101011111111111101101
010101110010010111110100
010101110010011100110111
010101110011010111100101
010101110011011100100111
010101110011110111101111
010101110011111111101101
010101111111111111011110
010111011110010111111111
010111011110011100111111
010111011111010111111110
010111011111111111101101
010111111101010111111110
010111111101011111111110
010111111110010111111011
010111111110011100111011
010111111110110111111011
011001110111011101110110
011001110111011101111110
011001110111111111110100
011011111111011101110010
011101000101010001011111
011101000101011101110011
011101001111011101101111
011101001111011111101111
011101001111111101001111
011101010100010101001111
011101010100011101110011
011101010101010101011110
011101010101011101110010
011101010101110111111110
011101010101111111011110
011101011111111111101101
011101100111011101100111
011101100111011111100111
011101100111111101001111
011101110110010011111111
011101110110011001110111
011101110110111001110111
011101110111010001010101
011101110111010101000101
011101110111010101010100
011101111110010011111111
011101111110011001110111
011111011111010101011110
011111100111011101100111
011111100111111101001111
011111101111111101011011
011111110100010011111111
011111110100011001111111
011111110100111001111111
011111110101111011111101
011111111101010101011110
011111111110010111111011
100011001111110011111111
100011001111111111001111
100011111100110011111111
100011111100111111001111
100011111111111111110000
100111011111110111111110
100111011111111111011110
100111011111111111111100
100111111101110111111110
100111111101111111011110
100111111101111111111100
100111111111110111111010
100111111111111111011010
101011110000111100000000
101011111000111111001111
101011111000111111111100
101011111011111111110001
101011111011111111111001
101011111100111110001111
101011111111111110001010
101011111111111110110001
101011111111111110111001
101111001111111100011111
101111001111111110011111
101111011011110111111111
101111011011111111011111
101111011011111111111101
101111011111110110111111
101111011111111101011110
101111011111111110111101
101111100101111101011111
101111100101111101110011
101111101101111100011111
101111101101111110011111
101111101111111100011011
101111101111111100110011
101111101111111100110111
101111101111111110011011
101111101111111110110011
101111110001110011111111
101111110001111011011111
101111110001111011111101
101111110011111011110101
101111110011111011110111
101111110101110111111110
101111110101111001011111
101111110111111001010101
101111111001110011111111
101111111001111011011111
101111111001111011111101
101111111011110111111011
101111111011111011110101
101111111011111111011011
101111111101110110111111
101111111101111110111101
101111111111110110111011
110000001111000011110000
110010001111110011111111
110010001111111111111100
110010111111111111110001
110010111111111111111001
110011001111100011111111
110011111111100011111010
110011111111101111110001
110011111111101111111001
110100011111110111101111
110100011111111111001111
110100011111111111101101
110100111111111111100101
110100111111111111100111
110101011110010111111111
110101011110011111110011
110101011111010111101111
110101011111111111011110
110101111111010111100101
110110011111110111101111
110110011111111111001111
110110011111111111101101
110110111101110111111111
110110111101111111011111
110110111101111111111101
110110111111110111111011
110110111111111111011011
110110111111111111100101
110111011110000111111111
110111011110100111111111
110111011111101111011111
110111011111101111111101
110111111100000111111111
110111111100100111111111
110111111101010111111110
110111111101101111011111
110111111101101111111101
110111111110000111111011
110111111110001111110011
110111111110001111110111
110111111110100111111011
110111111110101111110011
110111111111101111011011
111000110011001100110111
111000110011111111110101
111000111011001111110111
111000111011111111110101
111000111111001110110111
111000111111111110110101
111000111111111110111101
111001110111011101110110
111001110111111111110100
111001111111111110110101
111010110011111100110111
111010110011111111110101
111010111011111111110001
111010111011111111111001
111010111111111100110011
111010111111111100111011
111010111111111101110011
111010111111111110110001
111010111111111110111001
111011110011101100110111
111011110011101111110101
111011110011101111111101
111011110111101111110101
111011111011001111110011
111011111011001111111011
111011111011011111110011
111011111011101111110001
111011111011101111111001
111011111111001100110011
111011111111001110110011
111011111111011101110010
111011111111101100110011
111011111111101110110001
111011111111101110111001
111100000000000000000000
111100001010000011110000
111100001111000010100000
111100001111111100011111
111100001111111100101111
111100001111111101001111
111100001111111110001111
111100011011110111101111
111100011011111111001111
111100011011111111101101
111100011111110110101111
111100011111111100001111
111100011111111110101101
111100100010001100110111
111100100010111111110100
111100100111111101001111
111100100111111101100111
111100100111111111100111
111100101111111100001111
111100101111111100100111
111100110011001000100111
111100110011110111101111
111100110011111011011111
111100110011111011110101
111100110011111011111101
111100110011111111100101
111100110011111111101101
111100110111110111101111
111100111011111011011111
111100111011111111100101
111101001111011100101111
111101001111111100001111
111101011011010111101111
111101011011011111101111
111101011110010110111111
111101011110011110110011
111101011110110110111111
111101101111011100100111
111101110010010011111111
111101110010011011110111
111101110010111011110111
111101110011111011011111
111101111011010111100101
111101111110010110111111
111110001010110011111111
111110001010111111111100
111110001111111100001111
111110011011110111101111
111110011011111111001111
111110011011111111101101
111110011111110110101111
111110011111111110101101
111110100000111100000000
111110101000111111001111
111110101000111111111100
111110101010111111111000
111110101101111100011111
111110101101111110011111
111110101111111100011011
111110101111111110011011
111110101111111110101000
111110110001110011111111
111110110001111011011111
111110110001111011111101
111110110011110111101111
111110110011111011110101
111110110101111001011111
111110110101111001111111
111110110111111001010101
111110111001110011111111
111110111001111011011111
111110111001111011111101
111110111011110111111011
111110111011111111011011
111110111101110110111111
111110111101111001011111
111110111101111110111101
111110111111110110111011
111111001111100010101111
111111001111101100011111
111111001111101110011111
111111011010000111111111
111111011010100111111111
111111011011010111101111
111111011011101111011111
111111011011101111111101
111111011110000110111111
111111011110001100111111
111111011110001101111111
111111011110100110111111
111111011110101100111111
111111011111101110111101
111111100101101101011111
111111100101101101110011
111111100101101111011111
111111100111101101011111
111111101101001100111111
111111101101001110111111
111111101101011100111111
111111101101101100011111
111111101101101110011111
111111101111001100110011
111111101111001100111011
111111101111011100100111
111111101111101100011011
111111101111101100110011
111111101111101110011011
111111110000000111111111
111111110000001011111111
111111110000010011111111
111111110000100011111111
111111110000101000000000
111111110001000011111111
111111110001101011011111
111111110001101011111101
111111110010000011111111
111111110010001011110111
111111110100000011111111
111111110100001001111111
111111110110001001110111
111111111000000011111111
111111111001101011011111
111111111001101011111101
111111111010000111111011
111111111010100111111011
111111111010101011111000
111111111011101111011011
111111111100000110111111
111111111100100110111111
111111111100101010001111
111111111101101110111101
111111111110000110111011
111111111110001001110111
111111111110001100110011
111111111110001100111011
111111111110001110110011
111111111110100110111011
111111111111001000100010
111111111111100010101010
111111111111101010001010
111111111111101010101000
