000011111111111111110001
000011111111111111110010
000011111111111111110110
000011111111111111111000
000011111111111111111001
000111011101110111011110
000111011101110111111100
000111011101110111111101
000111011101110111111110
000111011101111111111100
000111011101111111111101
000111011101111111111110
000111011111110111111000
000111011111110111111001
000111011111110111111010
000111011111110111111011
000111011111110111111110
000111011111111111011000
000111011111111111011001
000111011111111111011010
000111011111111111011011
000111011111111111011110
000111011111111111111000
000111011111111111111001
000111011111111111111010
000111011111111111111100
000111011111111111111101
000111011111111111111110
000111111111111111110010
000111111111111111110110
000111111111111111111000
000111111111111111111001
000111111111111111111010
000111111111111111111110
001011111111111111111000
001011111111111111111001
001111001101111101011110
001111001101111101111110
001111001111111101011011
001111001111111101011110
001111001111111101111010
001111001111111101111110
001111001111111111011010
001111001111111111011011
001111011101110111011110
001111011101110111111100
001111011101110111111101
001111011101110111111110
001111011101111101011110
001111011101111101111110
001111011101111111011100
001111011101111111011101
001111011101111111011110
001111011101111111111100
001111011101111111111101
001111011101111111111110
001111011111110111111000
001111011111110111111001
001111011111110111111010
001111011111110111111011
001111011111110111111110
001111011111111101011110
001111011111111101111010
001111011111111101111110
001111011111111111011000
001111011111111111011001
001111011111111111011010
001111011111111111011011
001111011111111111011100
001111011111111111011101
001111011111111111011110
001111011111111111111000
001111011111111111111001
001111011111111111111010
001111011111111111111100
001111011111111111111101
001111011111111111111110
001111101101111111011010
001111101101111111011011
001111101111111111011010
001111101111111111011011
001111111101111111011000
001111111101111111011001
001111111101111111011010
001111111101111111011011
001111111101111111111000
001111111101111111111001
001111111101111111111100
001111111101111111111101
001111111111111111111000
001111111111111111111001
011001100110011001100111
011001100110011001101110
011001100110011001110111
011001100110011001111110
011001100110011001111111
011001100110011011101110
011001100110011011101111
011001100110011101111110
011001100110011111101110
011001100110011111101111
011001100111011001111110
011001100111011011101110
011001100111011011101111
011001100111011101100110
011001100111011101100111
011001100111011101101110
011001100111011101101111
011001100111011101111110
011001100111011111101110
011001100111011111101111
011001100111111001100111
011001100111111001101110
011001100111111001111110
011001100111111101100111
011001100111111101101110
011001100111111101111110
011001101110011101111110
011001101110111001100110
011001101110111001100111
011001101110111001101110
011001101110111001101111
011001101110111001110111
011001101110111001111110
011001101110111001111111
011001101110111101100111
011001101110111101101110
011001101110111101111110
011001101111011101111110
011001101111111001111110
011001101111111101100111
011001101111111101101110
011001101111111101111110
011001110111011101110110
011001110111011101111110
011001110111011111100110
011001110111011111101110
011001110111011111110110
011001110111011111111110
011001111110111001110110
011001111110111001110111
011001111110111001111110
011001111110111001111111
011001111110111011100110
011001111110111011100111
011001111110111011110110
011001111110111011110111
011001111110111101110110
011001111110111101111110
011001111111111101110110
011001111111111101111110
011011101110111011100110
011011101110111011100111
011011101110111011110110
011011101110111011110111
011011101111111111100110
011011101111111111100111
011011111111111111111000
011011111111111111111001
011101111110111001110111
011101111110111001111110
011101111110111001111111
011111001111111111011010
011111001111111111011011
011111011101110111111100
011111011101110111111101
011111011101111111111100
011111011101111111111101
011111011110110111111010
011111011110110111111011
011111011111110111111000
011111011111110111111001
011111011111110111111010
011111011111110111111011
011111011111111111011000
011111011111111111011001
011111011111111111011010
011111011111111111011011
011111011111111111101100
011111011111111111101101
011111011111111111111000
011111011111111111111001
011111101110111011100111
011111101110111011110111
011111101111111111100111
100010111011111111111001
100010111011111111111011
100010111111111110111001
100010111111111110111011
100010111111111111111001
100010111111111111111011
100110011011110111011111
100110011011110111111101
100110011011110111111111
100110011011111111011101
100110011011111111011111
100110011011111111111101
100110011011111111111111
100110011111111110011011
100110011111111110111101
100110111011111111111001
100110111011111111111011
100110111101110111011111
100110111101110111111101
100110111101110111111111
100110111101111111011101
100110111101111111011111
100110111101111111111101
100110111101111111111111
100110111111111110111001
100110111111111110111011
100110111111111111011001
100110111111111111011011
100110111111111111111001
100110111111111111111011
100111011101110111011110
100111011101110111111100
100111011101110111111101
100111011101110111111110
100111011101111111111100
100111011101111111111101
100111011101111111111110
100111011111110111111010
100111011111110111111011
100111011111110111111110
100111011111111111011010
100111011111111111011011
100111011111111111011110
100111011111111111111010
100111011111111111111100
100111011111111111111101
100111011111111111111110
101010111011111110111011
101010111011111110111101
101010111011111111111011
101010111111111110111011
101010111111111110111101
101010111111111111111011
101011111011111110111011
101110111011110111011111
101110111011110111111101
101110111011110111111111
101110111011111011011101
101110111011111011011111
101110111011111011111101
101110111011111011111111
101110111011111111011011
101110111011111111111011
101110111111111110111101
101111011011110111111111
101111011011111111111111
101111011111110111111110
101111011111111110111101
101111011111111111011110
