000000000000000000001111
000000000000000011110000
000000000000001100110011
000000000000110011001100
000000000000111100000000
000000001111000000000000
000000110011000000000101
000011001100000000001010
000011110000000000000000
000011111111111111110001
000011111111111111110010
000011111111111111110100
000011111111111111111000
000100010001000100010001
000111011101110111011110
000111011101110111111100
000111011101111111011100
000111011111110111011010
000111011111110111111000
000111011111111111011000
000111111101110111011010
000111111101110111111000
000111111101111111011000
000111111111111111110000
001000100111001001110111
001000100111111001000100
001011100100001001110010
001011100100111001001110
001011111111111111110000
001100000101000001010000
001111001101111101011110
001111001101111101111110
001111001111111101011011
001111001111111101111010
001111001111111111011010
001111011101111101011110
001111011111111101011010
001111101101111101011010
001111101101111101011011
001111101101111111011010
001111110101110011011110
001111110101110011111101
001111110101110111011110
001111110101110111111100
001111110101111011011100
001111110101111011011101
001111110111110011011110
001111110111110011111100
001111111101110011111100
001111111101111011011100
010001001110010011101110
010001001110011100100010
010001110010010011100100
010001110010011100100111
010011111111111111110000
010101010000010100000000
010101011111110111001110
010101011111110111011110
010101011111110111101100
010101011111110111101101
010101011111111111001101
010101011111111111011100
010101111111110111001110
010101111111111111001100
010111011100010111111110
010111011100011111111110
010111011101010111111110
010111011110010111111010
010111011110010111111011
010111011110110111111010
010111011111110111101100
010111011111111111001100
010111111100010111111011
010111111100011111111010
010111111100110111111010
010111111101010111111010
011001100110011001100110
011001100110011001100111
011001100110011001101110
011001100110011001110110
011001100110011011100110
011001100110011101100110
011001100110111001100110
011001100111011001100110
011001101110011001100110
011001110110011001100110
011011100110011001100110
011101000100010001001110
011101000100011101110010
011101011111110111101100
011101011111111111001100
011101100110011001100110
011101110111010001000100
011111001111111101011010
011111011110010111111010
011111101101111101011010
011111110101110011111100
011111110101111011011100
011111111100010111111010
100010001000100010001000
100010111011111111110001
100010111111111110110001
100011111011101111110001
100011111111101110110001
100011111111111111110000
100110011011110111011111
100110011011110111111101
100110011011111111011101
100110011101110111011111
100110011101110111111101
100110011101111111011101
100110011111111110011011
100110011111111110011101
100110011111111110111001
100110011111111111011001
100110111001110111011111
100110111001110111111101
100110111001111111011101
100110111111111110011001
100111011001110111011111
100111011001110111111101
100111011001111111011101
100111011101100110111111
100111011101100111011111
100111011101101110011111
100111011101110110011111
100111011111100110111011
100111011111100111011011
100111011111101110011011
100111011111110110011011
100111011111111110011001
100111111001100111111011
100111111001100111111101
100111111001101111111001
100111111001110111111001
100111111011100111111001
100111111101100110111011
100111111101100111011011
100111111101100111111001
100111111101101110011011
100111111101110110011011
101010100000101000000000
101010101111111100110111
101010101111111100111011
101010101111111101110011
101010101111111110110011
101010110011111011110101
101010110011111011110111
101010111011111011110101
101010111011111110110001
101010111111111100110011
101011101111101100110011
101011101111101100110111
101011101111101110110011
101011110011101011110111
101011110011101011111101
101011110011101111110101
101011110111101011110101
101011111011101011110101
101011111011101110110001
101110001101111100011111
101110001111111100011011
101110011001110111011111
101110011001110111111101
101110011001111111011101
101110011111111110011001
101110100101111001011111
101110100101111001111111
101110101101111001011111
101110101101111100011011
101110101111111100110011
101110110001110011011111
101110110001110011111101
101110110001111011011101
101110110011111011110101
101110110101111001011111
101110111001111110011011
101110111001111110011101
101110111001111110111001
101110111001111111011001
101110111011111110011001
101110111101111110011001
101111001101101100011111
101111001101111101011110
101111001111101100011011
101111001111111101011010
101111011101100110011111
101111011111100110011011
101111100101101001011111
101111100101101011011111
101111100101101101011111
101111100111101001011111
101111101101101100011011
101111101111101100110011
101111110001100011011111
101111110001100011111101
101111110001101011011101
101111110011101011110101
101111110101110011011110
101111110101110011111100
101111111001100111111001
101111111001101110011011
101111111001101110011101
101111111001101110111001
101111111001101111011001
101111111011101110011001
101111111101100110011011
101111111101101110011001
110000001010000010100000
110000111011111111100101
110000111011111111100111
110000111111111110100111
110000111111111110101101
110000111111111110110101
110001111111111110100101
110010111011101111110001
110010111011111111100101
110010111111101110110001
110010111111111110100101
110011111010001111110111
110011111010001111111011
110011111010011111110011
110011111010101111110011
110011111011001111110011
110011111110001110110011
110011111110001110110111
110011111110101110110011
110100011011110111001111
110100011011110111101101
110100011011111111001101
110100011111110110001111
110100011111110110101101
110100011111111110001101
110100111011111111100101
110100111111111110100101
110101011010010111101111
110101011010011111101111
110101011011010111101111
110101011110010110101111
110101011110010110111111
110101011110110110101111
110101011111110111001110
110101011111111111001100
110101111110010110101111
110110011001110111011111
110110011001110111111101
110110011001111111011101
110110011011100111111011
110110011011100111111101
110110011011101111111001
110110011011110111111001
110110011111100110111011
110110011111100110111101
110110011111101110111001
110110011111110110111001
110110011111111110011001
110110111011100111111001
110110111111100110111001
110111011000000111111111
110111011010000111111011
110111011010010111101111
110111011011100111111001
110111011100000110111111
110111011100010111111110
110111011101100110011111
110111011110000110111011
110111011111100110011011
110111011111100110111001
110111111000000111111011
110111111001100111111001
110111111010001111110011
110111111100000110111011
110111111100010111111010
110111111101100110011011
110111111110001110110011
111000100010001000100111
111000100010111011100100
111000111011111110100101
111000111011111110101101
111000111011111110110101
111001100110011001100110
111001111011111110100101
111010101111101100110011
111010101111101100111011
111010101111101101110011
111010110011101011110101
111010110011101011111101
111010110011101111110101
111010110111101011110101
111010111011101110110001
111010111111101100110011
111011101110001000100010
111011111010001110110011
111011111010001110111011
111011111010011110110011
111011111011001110110011
111100000000000000000000
111100001111111100011111
111100001111111100101111
111100001111111101001111
111100001111111110001111
111100011011110110001111
111100011011110110101101
111100011011111110001101
111100011111111100001111
111100101111111100001111
111100110011110011011111
111100110011110011101101
111100110011110111001111
111100110011110111101101
111100110011111011001101
111100110011111011011101
111100110111110011001111
111100110111110011101101
111100111011110011001111
111100111011111011001101
111101001111111100001111
111101011010010110111111
111101011010011110101111
111101011010110110101111
111101011011010110101111
111101110011110011001111
111101110011111011001101
111101111010010110101111
111110001101101100011111
111110001111101100011011
111110001111111100001111
111110011001100110111111
111110011001100111011111
111110011001101110011111
111110011001110110011111
111110011011100110011111
111110011011100110111011
111110011011100110111101
111110011011101110111001
111110011011110110111001
111110011101100110011111
111110100101101001111111
111110100101101011011111
111110100101101101011111
111110100111101001011111
111110101101101001011111
111110101101101100011011
111110110001100011011111
111110110001100011111101
111110110001101011011101
111110110011110011001111
111110110011110011101101
111110110101101001011111
111110111001100110011111
111110111001101110011011
111110111001101110011101
111110111001101110111001
111110111001101111011001
111110111011100110111001
111110111011101110011001
111110111101101110011001
111111001100001101111111
111111001100001110111111
111111001100011100111111
111111001100101100111111
111111001101001100111111
111111001110001100111011
111111001110001101111011
111111001110101100111011
111111011000000110111111
111111011001100110011111
111111011010000110111011
111111011010010110101111
111111011011100110111001
111111011100001100111111
111111011110001100111011
111111101100001100111011
111111101100001110111011
111111101100011100111011
111111101101001100111011
111111110000000111111111
111111110000001011111111
111111110000010011111111
111111110000100011111111
111111110001000011111111
111111110010000011111111
111111110100000011111111
111111111000000011111111
111111111000000110111011
