00000000000000000000000000000000000000000000000000000000000000000000000000000000
00000000000000000000000000000000000000000000000000000000000000000000000011111111
00000000000000000000000000000000000000000000000000000000111010001110100011101000
00000000000000000000000000000000110000001100000011000000110000001100000011000000
10000000100000001000000010000000100000001000000010000000100000001000000010000000
00000000000000000000000000000000000000000000000000000000000101110001011100010111
00000000000000000000000000000000000101000001010000111111111111000010100000101000
00000000000000000000000000000000001111000011110000111100001111000011110000111100
00000000000000000000000000000000000101001111110000101000111111000010100011111100
00010000000100001111100001101000111110000001000001010100000100000101010000110010
00010000000100000001000001111111110100001101000001000000110100000100000001000000
00110000001100000111100001111000111100000101000001010000010100000101000001110010
01110000011100000111000001110000011100000111000001110000011100000111000001110000
00010000000100001111100001101000110100001101000001000000110100000100000011110010
00110000111100000101000001010000111100000101000001010000111100001111000001100000
00010000110100001101000001000000110100001101000001000000111100001110000011100000
00000000000000000000000000000000000000110000001100000011000000110000001100000011
00000000000000000000000000000000000101000001010000111111000101000011111100111111
00000010000000100000011100000111111111100000010000000100000001000000010000001101
00010000000100000001000001111111000100000001000001111111111110000110100001101000
00010000001110000011100001111100110100001101000001000000110111110101001001010010
00000000000101000001010000111111001010000010100011111100001110100101110001011100
00010000000100000001000001111111001110000011100001111100001110000111110001111100
00000010000101100000010000101111001010100010111100000100001010100100110000001000
00000110000001100000011000001111001011100010111000001100001011100000110000001100
00001110000011100000111000001110000011100000111000001110000011100000111000001110
00000010000101100000010000101111111111100000010000000100111111100100110000001000
00000010001111100010110000101100111111100000010000000100010111100101111000011010
00011000000110000001100001111110000110000001100001111110000110000111111001111110
00000000000101001111110000101000001010000010100011111100001110100101110011111110
00010000000100000001000001111111000100001111100001101000111110000110100011111100
00010000000100001111100001101000001110000011100001111100001110000111110011111110
00110010001100100110100001101000001100100110100001101000011010000110100011111110
00110000001100000111100001111000001100000111100001111000011110000111100011111110
00010000001110000011100001111100110100001101000001000000110110001111101011111010
00000010111111100000010000000100111111100000010000000100111111101111111000001000
00010000000100001111100001101000000100001111100001101000111110000110100011111110
00000001000000010000000100000001000000010000000100000001000000010000000100000001
00010000000100000001000001111111000100000001000001111111000100000111111101111111
00000010000000100000011100000111000101100000010000101111000001000010111100001101
00000110000001100000011000001111000001100000011000001111000001100000111100001111
00000010000000100000011100000111001111100010110000101100001011000010110011111101
00011000000110000001100001111110110110111101101101000010110110110100001001000010
00000010000101100000010000101111000101100000010000101111111111100110111100001000
00000000000101000001010000111111001010000011111100010100001110100101110001111111
00000010000101100000010000101111001111100010110000101100001111100111111100011100
00010110000101100001011001111111001010100010101001001100001010100100110001001100
00000110001011100010111000001100001011100010111000001100011111110001111000011110
00010010001110100010100001101100001110100010100001101100011010001111111011111110
00010000001110000011100001111100001110000011100001111100011110001111111011111110
00000010000101100000010000101111001111100010110000101100111111100110110011111100
00010110000101101111111001101111001010100010101001001100001010100100110011111110
00000110001011100010111000001100001011100010111000001100011011101111111011111110
00010110001010100010101001001100111111101111111001001100010011001111111011111110
00110010001100100110100001101000001100100110100001101000011111110111111111110110
00010010001110100010100001101100001110100010100001101100011111110111111011111110
00000010001111100010110000101100001111100010110000101100011111100111111011111110
00011000000110000001100001111110110110001101100011111110110111110101011001010110
00010010001110100010100001101100111111101111110001101100010111000111111011111110
00110010111101101111110001101000111110100110100011111100001100100101010011110110
00010000000100001111100001101000001110000011100001111100001111110111111100110110
00110000001100000111100001111000001100000111100001111000011111110111111101110110
00010000001110000011100001111100001110000011100001111100011111110111111001111110
00010000001110000011100001111100111110001111100011111100010111110101011001010110
00000000000101001111110000101000111111000011110011111100001111100101110000111110
00110000001100000111111101111111111100000101000001010000111110001111100001101000
00010000001110000011100001111100111111001111110001111100010111000111111001111110
00010000111110001111100011111100111111001111110001111100000101000011011000110110
00110100111000001111101011011000111111000111111001011100001101001011010000110110
00010000110100001101000001111111111110001111100001111100101100000111010001110100
00110000111100001101000011010000111111000111110001111100101101001011010000110100
00110000111100001111100011111000111111000111110001111100001101000011010000110110
00110100111000000111101011011000111101000111111001011000011101001011000001110110
01110010011100101110000011100000011111100111010001110100011101000111010010110000
00110100111100000111101001011000111100000111101001011000011100001111000001110110
00000010000000100000011100000111000000100000011100000111000001110000011100001111
00000010000101100000010000101111000101100000010000101111000101100111111100011111
00010010000101100001010001111111001110100010100001101100001110100111111101011100
00000010000000100000011100000111001111100010110000101100001111110011111100011101
00000010001111100010110000101100001111100010110000101100011111110111111100011110
00000110000001100000011000001111000101101111111000101111111111100010111100001100
00011000000110000001100001111110110110001101111101010110110111110101011001111111
00011000000110000001100001111110000110110001101101111111111110110110101001101010
00000010001111100010110000101100001111110010111100101111011010100110101011111010
00011000000110000001100001111110000110000001111101111111111110001111111001101010
00110010001100100110100001101000001100100111111101111111011111110111111100110010
00010000000100001111100001101000001110000011111101111100001111110111110000111110
00011000000110000001100001111110000110111111101101101010111110110110101011111110
00110000001100000111100001111000001101000111110001111111011111000111111101111110
00010010001110100010100001101100001110100011111101111111011111110111111000111010
00000000000101000001010000111111001111110011111100111100001110100111110001111100
00000010000101100000010000101111001111100010110011111100001111100111110011111100
00000010001111100010110000101100001111100011111100111111011111100111111000111010
00000110001011100010111000001100001111101111111000101100011111100011111011111110
00010110001010100010101001001100001111101111111001101100011011001111111011111110
00011000000110000001100001111110000111111111100001101010111110000110101011111110
00010010001110100010100001101100001111101111110001101100011111000111111011111110
00110000111100000101000001111111111100000101000001111111111100000111000001111111
00110000001101000111110001111111111100001111100011111000010100100101111101010110
00010000001110000011100001111111111110001111100001111100010110000111111001111110
00000010111111100010110011111100111111101111110000101100010111100011111000011110
00011000000111001111110001111110110110001101111101010110110110100101111001111010
00110110001101100111111001111000111000100110101011011000011010101101100011111110
00110100001101000111111001111000111000000111101011011000011110101101100011111110
00010010001110101111100001101100111110101111100001101100010110000111111011111110
00011000110110001101100001111110110110001101100001111110111111110111011001110110
00000010001111100010111100101111111111100000011100000111010011100100111000001011
00110000001100000111100001111111001100000111100001111111011110000111111101111110
00010110001010100011111101011111001111110010101001101111011011110010101001001100
00000010001111100011111100111111001111110010111100101111011010100110101001001000
00000111001011000011111100011101001111110010110000101101011111100011101001011100
00000110001011110010111100001111001111100011111000111111011011000010110000101100
00000111001011000011111000011101001011110010111000001101011111100001101001011110
00001110000011110000111100001111001111100011111000111110001011000010110000101100
00000111001011100010111000001101001011100010111000001101011111100001111000011110
00000110001011101111111000001100001011101111111000001100011111100001111011111110
00010010001110101111100001101100001110101111100001101100011110000111111011111110
00000110000001101111111000001111000001101111111000001111111111100000111100001110
00000110001011110010111100001111001111101111111000101100011011000010110011111100
00000010001111100010111100101111111111100010110000101100011111100111111000011100
00011000000110111111101101101010001110000011111101111110001111010111110000111110
00010000001110000011111101111111001111110011100001111111011110000111101001111100
00011010001110100011111101111110110110101101111101000110110111111111111001001010
00110100001101000111111001111111111101110101001001011011111110101111101101101010
00011000110110001101100001111110111110111111101101111110101110110111011001110110
00010110001010100010101001001100001111100011111001111100011011001111111011111110
00011000000110000001100001111110000111110001111101111111111110000110101001101010
00110010001100100110100001101000001101100111110001111111011111110111111100110110
00010010001110100010100001101100001110100011111101111100011111110111111000111110
00011000000110001111100001111110110110001101100001111110110111110111111101110110
00110000001111000111110001111100111100001111100011111000010111110101111101010110
00010000001110000011100001111100111110001111100001111100010111110111111001111110
01110010011111101110010011100100011111101110010011100100011101100111011011110000
00110010001100100110100001101000001101100111110001111111011111000111111100111110
00000110000001110000011100001111001111100011111000111111001011000010110100101101
00011000000110110001101101111110000110110001101101111110111111110110111001101110
00010010001110100010111101101100001110100010111101101111011111110111111000011010
00011011000111100001110101111111001110100010110101101100001110100111111001011100
00000111001011000011111000011101001011000011111000011101011111100001111001111111
00011000000110000001111101111111000110001111100001111110111110000111111001111100
00011000000110110001101101111110110111111101111101111110110111010110111001101110
00000110001011110010111100001111001111100011111000111100011011001111110011111100
00011000000110000001111101111110000110110001101101111110111110111111111001101110
00000010001111100010110000101100001111100010111100101111011111100111111011111010
00011000000110000001111101111110000110000001111101111110111110001111111001101110
00110100111101000111111001011000111101110111111101011011011100101111101101111111
00110110111001100111111011011111111001100111111011011111011001101111111101100110
00110100001111000111111001111100111101111111101011111011010111110101101101010110
00011010001111100011110001111110110111111101111101101111110110100110101011111010
00011010000110100001111101111110110110101101111111111110110111111111111001001110
00011000000111000001110001111110110111111101111101111110110110100111111001111110
00011000001110000011100001111110111110111111101101111110010110110111111001111110
00011000110110001101100001111110111110001111100001111110101111110111011001110110
00110110111101110111111001011011111101110111111001011011011001101111111101100110
00011000000110111111101101111110110110001101111101111110110111010111111001111110
00011010110110101101111101111110110110101101111101111110111111111111111001101110
00010010001110100010111101101100001110100010111101101100011111110111111000011110
00110100111101110111111001011011111101110111111001011011011101101111111101111111
00001111000111010001110100111110000111010001110100111110000111100111111001111110
00011000000110001111100001111110110110001101111101111110110111110111111001111110
00011000000110110001101101111110000111110001111101111110111111010110111001101110
00011000000110000001111101111110000110111111101101111110111110110111111001111110
