00010011001110100011110101111111001110100011110101111111011110000111111001111000
00010011001110100010110101101111001110100010110101101111011010000110111011111000
00000001001111010011111100111111001111010011111100111111111110001111100001101001
00010110001110100011101001111111111110111111101101001111010010110100001001000010
00011000000110000001111101111110000110111111101101101010111110110110101001001110
00000011001111100010110100101111001111100010110100101111111111100110111011111000
00010010000100111111101101101111001110101111100001101100001111010111111111110100
00010001000100011111100101111111000100011111100101111111111110010111111101110000
00010110001110100011101001111100111110111111101101001111010010111111101011111010
00010110001111100011111001111100111010101110101011001100010010101111111011111110
00010110001110101111101001101100111110111111101101001111010010110100001011110010
00011011110110001111110101101100110110001111110101101100100100000111011011110110
00110110111000100110101011011000111000100110101011011000011001111111011111110111
00011111110110001111100001101100110110001111100001101100100100000111011011110110
00000111111011001110110011111101111011001110110011111101000101101001011010010110
00001111110111001111110011101100110111001111110011101100100101100001111110010110
