000000000000000000001111
000000000000000011110000
000000000000001100110011
000000000000110011001100
000000000000111100000000
000000001111000000000000
000000110011000000000101
000011001100000000001010
000011110000000000000000
000011111111111111110001
000011111111111111110010
000011111111111111110100
000011111111111111111000
000100010001000100010001
000111011101110111011000
000111111111111111110000
001000100111001001110111
001000100111111001000100
001011100100001001110010
001011100100111001001110
001011111111111111110000
001100000101000001010000
001111001101111101011011
001111001101111101011110
001111001101111101111010
001111001101111111011010
001111011101111101011010
001111101101111101011010
001111110101110011011101
001111110101110011011110
001111110101110111011100
001111110101111011011100
001111110111110011011100
001111111101110011011100
010001001110010011101110
010001001110011100100010
010001110010010011100100
010001110010011100100111
010011111111111111110000
010101010000010100000000
010101011111110111001101
010101011111110111001110
010101011111110111011100
010101011111110111101100
010101111111110111001100
010111011100010111111011
010111011100010111111110
010111011100011111111010
010111011100110111111010
010111011101010111111010
010111011110010111111010
010111011111110111001100
011001100110011001100110
011001100110011001100111
011001100110011001101110
011001100110011001110110
011001100110011011100110
011001100110011101100110
011001100110111001100110
011001100111011001100110
011001101110011001100110
011001110110011001100110
011011100110011001100110
011101000100010001001110
011101000100011101110010
011101011111110111001100
011101100110011001100110
011101110111010001000100
011111001101111101011010
011111011100010111111010
011111110101110011011100
100010001000100010001000
100010111011101110110001
100011111111111111110000
100110011001100110011011
100110011001100110011101
100110011001100110111001
100110011001100111011001
100110011001101110011001
100110011001110110011001
100110011011100110011001
100110011101100110011001
100110111001100110011001
100111011001100110011001
101010100000101000000000
101010101111101100110111
101010101111101100111011
101010101111101101110011
101010101111101110110011
101010110011101011110111
101010110011101011111101
101010110011101111110101
101010110011111011110101
101010110111101011110101
101010111011101011110101
101010111111101100110011
101011101111101100110011
101110001101101100011011
101110011001100110011001
101110100101101001111111
101110100101101011011111
101110100101101101011111
101110100101111001011111
101110100111101001011111
101110101101101001011111
101110101111101100110011
101110110001100011011101
101110110011101011110101
101110110101101001011111
101111001101111101011010
101111100101101001011111
101111110101110011011100
110000001010000010100000
110000111011111110100111
110000111011111110101101
110000111011111110110101
110000111011111111100101
110001111011111110100101
110010111011111110100101
110011111010001110110111
110011111010001110111011
110011111010011110110011
110011111010101110110011
110011111011001110110011
110011111110001110110011
110100011011110110001101
110100111011111110100101
110101011010010110111111
110101011010010111101111
110101011010011110101111
110101011010110110101111
110101011011010110101111
110101011110010110101111
110101011111110111001100
110101111010010110101111
110110011001100110011001
110111011000000110111011
110111011010010110101111
110111011100010111111010
110111111010001110110011
111000100010001000100111
111000100010111011100100
111000111011111110100101
111001100110011001100110
111010101111101100110011
111010110011101011110101
111011101110001000100010
111011111010001110110011
111100000000000000000000
111100001111111100011111
111100001111111100101111
111100001111111101001111
111100001111111110001111
111100011111111100001111
111100101111111100001111
111100110011110011011101
111100110011110011101101
111100110011110111001101
111100110011111011001101
111100110111110011001101
111100111011110011001101
111101001111111100001111
111101110011110011001101
111110001111111100001111
111110110011110011001101
111111001100001101111011
111111001100001110111011
111111001100011100111011
111111001100101100111011
111111001101001100111011
111111001110001100111011
111111011100001100111011
111111101100001100111011
111111110000000111111111
111111110000001011111111
111111110000010011111111
111111110000100011111111
111111110001000011111111
111111110010000011111111
111111110100000011111111
111111111000000011111111
