000000000000000000001111
000000000000000011110000
000000000000001111111111
000000000000110011111111
000000000000111100000000
000000000000111100111111
000000000000111111001111
000000000000111111110011
000000000000111111111100
000000001111000000000000
000000111111000000001111
000011001111000000001111
000011110000000000000000
000011110011000000001111
000011111100000000001111
000011111111000000000101
000011111111000000001010
000011111111111111110001
000011111111111111110010
000011111111111111110100
000011111111111111111000
000100111111001111111111
000100111111111100111111
000111110011001111111111
000111110011111100111111
000111111111111111110000
001000111111001111111111
001000111111111111001111
001011111100001111111111
001011111100111111001111
001011111111111111110000
001100001111000011110000
001100011111001111111111
001100011111111111110011
001100101111001111111111
001100101111111111111100
001100111111000111111111
001100111111001011111111
001111011111111111111100
001111011111111111111101
001111011111111111111110
001111101111111111110011
001111101111111111110111
001111101111111111111011
001111111111000111110101
001111111111001011111010
001111111111110111111010
001111111111110111111011
001111111111110111111110
001111111111111011110101
001111111111111011110111
001111111111111011111101
010011001111110011111111
010011001111111100111111
010011110011110011111111
010011110011111100111111
010011111111111111110000
010111110000111100000000
010111110001111100111111
010111110001111111110011
010111110010111100111111
010111110010111111111100
010111110011111100011111
010111110011111100101111
010111111101111111111100
010111111101111111111101
010111111101111111111110
010111111110111111110011
010111111110111111110111
010111111110111111111011
010111111111111100010101
010111111111111100101010
010111111111111111011010
010111111111111111011011
010111111111111111011110
010111111111111111100101
010111111111111111100111
010111111111111111101101
011111001111111111001111
011111001111111111011111
011111001111111111101111
011111011110111111111111
011111011111111111001111
011111011111111111011110
011111011111111111101101
011111011111111111111100
011111101101111111111111
011111101111111111001111
011111101111111111011011
011111101111111111100111
011111101111111111110011
011111111100110011111111
011111111100110111111111
011111111100111011111111
011111111101110011111111
011111111101110111111110
011111111101111011111101
011111111101111111111100
011111111110110011111111
011111111110110111111011
011111111110111011110111
011111111110111111110011
011111111111110111101111
011111111111110111111010
011111111111111011011111
011111111111111011110101
011111111111111111011010
011111111111111111100101
100011001111110011111111
100011001111111111001111
100011111100110011111111
100011111100111111001111
100011111111111111110000
101011110000111100000000
101011110100111111001111
101011110100111111110011
101011110111111111111100
101011110111111111111101
101011110111111111111110
101011111000111111001111
101011111000111111111100
101011111011111111110011
101011111011111111110111
101011111011111111111011
101011111100111101001111
101011111100111110001111
101011111111111101000101
101011111111111101111010
101011111111111101111011
101011111111111101111110
101011111111111110001010
101011111111111110110101
101011111111111110110111
101011111111111110111101
101111001111111100111111
101111001111111101111111
101111001111111110111111
101111011011111111111111
101111011111111100111111
101111011111111101111110
101111011111111110111101
101111011111111111111100
101111100111111111111111
101111101111111100111111
101111101111111101111011
101111101111111110110111
101111101111111111110011
101111110011110011111111
101111110011110111111111
101111110011111011111111
101111110111110011111111
101111110111110111111110
101111110111111011111101
101111110111111111111100
101111111011110011111111
101111111011110111111011
101111111011111011110111
101111111011111111110011
101111111111110110111111
101111111111110111111010
101111111111111001111111
101111111111111011110101
101111111111111101111010
101111111111111110110101
110000001111000011110000
110001001111110011111111
110001001111111111110011
110001111111111111111100
110001111111111111111101
110001111111111111111110
110010001111110011111111
110010001111111111111100
110010111111111111110011
110010111111111111110111
110010111111111111111011
110011001111010011111111
110011001111100011111111
110011111111010011110101
110011111111011111111010
110011111111011111111011
110011111111011111111110
110011111111100011111010
110011111111101111110101
110011111111101111110111
110011111111101111111101
110100111111111111001111
110100111111111111011111
110100111111111111101111
110101111110111111111111
110101111111111111001111
110101111111111111011110
110101111111111111101101
110101111111111111111100
110110111101111111111111
110110111111111111001111
110110111111111111011011
110110111111111111100111
110110111111111111110011
110111111100001111111111
110111111100011111111111
110111111100101111111111
110111111101001111111111
110111111101011111111110
110111111101101111111101
110111111101111111111100
110111111110001111111111
110111111110011111111011
110111111110101111110111
110111111110111111110011
110111111111011111101111
110111111111011111111010
110111111111101111011111
110111111111101111110101
110111111111111111011010
110111111111111111100101
111000111111111100111111
111000111111111101111111
111000111111111110111111
111001111011111111111111
111001111111111100111111
111001111111111101111110
111001111111111110111101
111001111111111111111100
111010110111111111111111
111010111111111100111111
111010111111111101111011
111010111111111110110111
111010111111111111110011
111011110011001111111111
111011110011011111111111
111011110011101111111111
111011110111001111111111
111011110111011111111110
111011110111101111111101
111011110111111111111100
111011111011001111111111
111011111011011111111011
111011111011101111110111
111011111011111111110011
111011111111011110111111
111011111111011111111010
111011111111101101111111
111011111111101111110101
111011111111111101111010
111011111111111110110101
111100000000000000000000
111100000101000011110000
111100001010000011110000
111100001111000001010000
111100001111000010100000
111100001111111100011111
111100001111111100101111
111100001111111101001111
111100001111111110001111
111100010101001111111111
111100010101111111110011
111100011111111100001111
111100101010001111111111
111100101010111111111100
111100101111111100001111
111100111111000101011111
111100111111001010101111
111100111111110110101111
111100111111110110111111
111100111111110111101111
111100111111111001011111
111100111111111001111111
111100111111111011011111
111101000101110011111111
111101000101111111110011
111101001111111100001111
111101010000111100000000
111101010001111100111111
111101010001111111110011
111101010100111111001111
111101010100111111110011
111101010101111111110001
111101010101111111110010
111101011011111111001111
111101011011111111011111
111101011011111111101111
111101011110111100111111
111101011110111101111111
111101011110111110111111
111101011111111101010001
111101011111111101011110
111101011111111101111110
111101011111111110100010
111101011111111110101101
111101011111111110111101
111101011111111111011110
111101011111111111101101
111101111010110011111111
111101111010110111111111
111101111010111011111111
111101111011110011111111
111101111011110111101111
111101111011111011011111
111101111011111111001111
111101111110110011111111
111101111110110110111111
111101111110111001111111
111101111110111100111111
111101111111110110101111
111101111111110111111110
111101111111111001011111
111101111111111011111101
111101111111111101011110
111101111111111110101101
111110001010110011111111
111110001010111111111100
111110001111111100001111
111110100000111100000000
111110100010111100111111
111110100010111111111100
111110100111111111001111
111110100111111111011111
111110100111111111101111
111110101000111111001111
111110101000111111111100
111110101010111111110100
111110101010111111111000
111110101101111100111111
111110101101111101111111
111110101101111110111111
111110101111111101010100
111110101111111101011011
111110101111111101111011
111110101111111110100111
111110101111111110101000
111110101111111110110111
111110101111111111011011
111110101111111111100111
111110110101110011111111
111110110101110111111111
111110110101111011111111
111110110111110011111111
111110110111110111101111
111110110111111011011111
111110110111111111001111
111110111101110011111111
111110111101110110111111
111110111101111001111111
111110111101111100111111
111110111111110110101111
111110111111110111111011
111110111111111001011111
111110111111111011110111
111110111111111101011011
111110111111111110100111
111111001111010001011111
111111001111011110101111
111111001111011110111111
111111001111011111101111
111111001111100010101111
111111001111101101011111
111111001111101101111111
111111001111101111011111
111111011010001111111111
111111011010011111111111
111111011010101111111111
111111011011001111111111
111111011011011111101111
111111011011101111011111
111111011011111111001111
111111011110001111111111
111111011110011110111111
111111011110101101111111
111111011110111100111111
111111011111011110101111
111111011111011111111110
111111011111101101011111
111111011111101111111101
111111011111111101011110
111111011111111110101101
111111100101001111111111
111111100101011111111111
111111100101101111111111
111111100111001111111111
111111100111011111101111
111111100111101111011111
111111100111111111001111
111111101101001111111111
111111101101011110111111
111111101101101101111111
111111101101111100111111
111111101111011110101111
111111101111011111111011
111111101111101101011111
111111101111101111110111
111111101111111101011011
111111101111111110100111
111111110000000111111111
111111110000001011111111
111111110000010011111111
111111110000010100000000
111111110000100011111111
111111110000101000000000
111111110001000011111111
111111110010000011111111
111111110011010100011111
111111110011010111101111
111111110011011111101111
111111110011101000101111
111111110011101011011111
111111110011101111011111
111111110011110111101111
111111110011111011011111
111111110100000011111111
111111110101010111110001
111111110101010111111110
111111110101011111111110
111111110101101011110010
111111110101101011111101
111111110101101111111101
111111110101110111111110
111111110101111011111101
111111110111010111101111
111111110111010111111110
111111110111101011011111
111111110111101011111101
111111110111111111011110
111111110111111111101101
111111111000000011111111
111111111010010111110100
111111111010010111111011
111111111010011111111011
111111111010101011110111
111111111010101011111000
111111111010101111110111
111111111010110111111011
111111111010111011110111
111111111011010111101111
111111111011010111111011
111111111011101011011111
111111111011101011110111
111111111011111111011011
111111111011111111100111
111111111100010101001111
111111111100010110111111
111111111100011110111111
111111111100101001111111
111111111100101010001111
111111111100101101111111
111111111100110110111111
111111111100111001111111
111111111101010110111111
111111111101010111111110
111111111101101001111111
111111111101101011111101
111111111101111101111110
111111111101111110111101
111111111110010110111111
111111111110010111111011
111111111110101001111111
111111111110101011110111
111111111110111101111011
111111111110111110110111
111111111111000101010101
111111111111001010101010
111111111111010001010101
111111111111010100010101
111111111111010101000101
111111111111010101010001
111111111111010101010100
111111111111100010101010
111111111111101000101010
111111111111101010001010
111111111111101010100010
111111111111101010101000
