000000000000000000001111
000000000000000011110000
000000000000001100110011
000000000000110011001100
000000000000111100000000
000000001111000000000000
000000110011000000000101
000011001100000000001010
000011110000000000000000
000100010001000100010001
001000100111001001110111
001000100111111001000100
001011100100001001110010
001011100100111001001110
001100000101000001010000
010001001110010011101110
010001001110011100100010
010001110010010011100100
010001110010011100100111
010101010000010100000000
011001100110011001100110
011101000100010001001110
011101000100011101110010
011101110111010001000100
011111011111111111111100
011111111101111111111100
011111111111110111111010
011111111111111111011010
011111111111111111111000
100010001000100010001000
100011111111111111110111
100011111111111111111001
100111111111111111111000
101010100000101000000000
101011111011111111110111
101011111011111111111011
101011111111111110110111
101011111111111110111101
101111001111111101111111
101111001111111110111111
101111011111111111111100
101111110111110011111111
101111111011110011111111
101111111111110111111010
110000001010000010100000
110010111111111111110111
110010111111111111111011
110011111111101111110111
110011111111101111111101
110101111111111111001111
110110111111111111001111
110111111100011111111111
110111111100101111111111
110111111101111111111100
110111111111111111011010
111000100010001000100111
111000100010111011100100
111011101110001000100010
111100000000000000000000
111101111011111111001111
111101111111110110101111
111101111111111110001111
111101111111111110101101
111110001111111101111111
111110001111111110011111
111110011111111110001111
111110101101111101111111
111110101101111110111111
111110101111111101111011
111110101111111111011011
111110110111110011111111
111110111101110011111111
111110111111110110101111
111111001111101101111111
111111001111101111011111
111111011010011111111111
111111011010101111111111
111111011011111111001111
111111011111111110101101
111111110111100011111111
111111110111101011011111
111111110111101011111101
111111111000011111111111
111111111000100111111111
111111111001100011111111
111111111010011111111011
111111111010110111111011
111111111011101011011111
111111111100011110111111
111111111100110110111111
111111111101101011111101
