000000000000000000001111
000000000000000011110000
000000000000001100110011
000000000000110011001100
000000000000111100000000
000000001111000000000000
000000110011000000000101
000011001100000000001010
000011110000000000000000
000100010001000100010001
001000100111001001110111
001000100111111001000100
001011100100001001110010
001011100100111001001110
001100000101000001010000
010001001110010011101110
010001001110011100100010
010001110010010011100100
010001110010011100100111
010101010000010100000000
011001100110011001100110
011101000100010001001110
011101000100011101110010
011101110111010001000100
100010001000100010001000
101010100000101000000000
110000001010000010100000
111000100010001000100111
111000100010111011100100
111011101110001000100010
111100000000000000000000
