000000000000000000001111
000000000000000011110000
000000000000001100110011
000000000000110011001100
000000000000111100000000
000000001111000000000000
000000110011000000000101
000011001100000000001010
000011110000000000000000
000100010001000100010001
000111011101110111011110
000111011101110111111100
000111011101111111011100
000111011111110111011010
000111011111110111111000
000111011111111111011000
000111111101110111011010
000111111101110111111000
000111111101111111011000
001000100111001001110111
001000100111111001000100
001011100100001001110010
001011100100111001001110
001100000101000001010000
010001001110010011101110
010001001110011100100010
010001110010010011100100
010001110010011100100111
010101010000010100000000
011001100110011001100110
011101000100010001001110
011101000100011101110010
011101110111010001000100
100010001000100010001000
100010111011111111110001
100010111111111110110001
100011111011101111110001
100011111111101110110001
101010100000101000000000
101010111011111110110001
101011111011101110110001
101110001101111100011111
101110001111111100011011
101110101101111100011011
101110110001110011011111
101110110001110011111101
101110110001111011011101
101111001101101100011111
101111001111101100011011
101111101101101100011011
101111110001100011011111
101111110001100011111101
101111110001101011011101
110000001010000010100000
110010111011101111110001
110010111111101110110001
110100011011110111001111
110100011011110111101101
110100011011111111001101
110100011111110110001111
110100011111110110101101
110100011111111110001101
110111011000000111111111
110111011010000111111011
110111011100000110111111
110111011110000110111011
110111111000000111111011
110111111100000110111011
111000100010001000100111
111000100010111011100100
111010111011101110110001
111011101110001000100010
111100000000000000000000
111100011011110110001111
111100011011110110101101
111100011011111110001101
111110001101101100011111
111110001111101100011011
111110101101101100011011
111110110001100011011111
111110110001100011111101
111110110001101011011101
111111011000000110111111
111111011010000110111011
111111111000000110111011
