000000000000000000000000
000000000000000000001111
000000000000000011110000
000000000000000011111111
000000000000001111111111
000000000000110011111111
000000000000111100000000
000000000000111100001111
000000000000111100111111
000000000000111111001111
000000000000111111110000
000000000000111111110011
000000000000111111111100
000000000000111111111111
000000001111000000000000
000000001111000000001111
000000001111000011110000
000000001111000011111111
000000001111001111111111
000000001111110011111111
000000001111111100000000
000000001111111100001111
000000001111111100111111
000000001111111111001111
000000001111111111110000
000000001111111111110011
000000001111111111111100
000000001111111111111111
000000111111000000001111
000000111111000011111111
000000111111001111111111
000000111111110011111111
000000111111111100001111
000000111111111100111111
000000111111111111001111
000000111111111111111111
000011001111000000001111
000011001111000011111111
000011001111001111111111
000011001111110011111111
000011001111111100001111
000011001111111100111111
000011001111111111001111
000011001111111111111111
000011110000000000000000
000011110000000000001111
000011110000000011110000
000011110000000011111111
000011110000001111111111
000011110000110011111111
000011110000111100000000
000011110000111100001111
000011110000111100111111
000011110000111111001111
000011110000111111110000
000011110000111111110011
000011110000111111111100
000011110000111111111111
000011110011000000001111
000011110011000011111111
000011110011001111111111
000011110011110011111111
000011110011111100001111
000011110011111100111111
000011110011111111001111
000011110011111111111111
000011111100000000001111
000011111100000011111111
000011111100001111111111
000011111100110011111111
000011111100111100001111
000011111100111100111111
000011111100111111001111
000011111100111111111111
000011111111000000000000
000011111111000000000101
000011111111000000001010
000011111111000000001111
000011111111000011110000
000011111111000011110101
000011111111000011111010
000011111111000011111111
000011111111001111111111
000011111111110011111111
000011111111111100000000
000011111111111100000101
000011111111111100001010
000011111111111100001111
000011111111111100111111
000011111111111111001111
000011111111111111110000
000011111111111111110001
000011111111111111110010
000011111111111111110011
000011111111111111110100
000011111111111111110101
000011111111111111110110
000011111111111111110111
000011111111111111111000
000011111111111111111001
000011111111111111111010
000011111111111111111011
000011111111111111111100
000011111111111111111101
000011111111111111111110
000011111111111111111111
000100111111001111111111
000100111111111100111111
000100111111111111111111
000111110011001111111111
000111110011111100111111
000111110011111111111111
000111111111001111111111
000111111111111100111111
000111111111111111110000
000111111111111111110001
000111111111111111110010
000111111111111111110011
000111111111111111110100
000111111111111111110101
000111111111111111110110
000111111111111111110111
000111111111111111111000
000111111111111111111001
000111111111111111111010
000111111111111111111011
000111111111111111111100
000111111111111111111101
000111111111111111111110
000111111111111111111111
001000111111001111111111
001000111111111111001111
001000111111111111111111
001011111100001111111111
001011111100111111001111
001011111100111111111111
001011111111001111111111
001011111111111111001111
001011111111111111110000
001011111111111111110001
001011111111111111110010
001011111111111111110011
001011111111111111110100
001011111111111111110101
001011111111111111110110
001011111111111111110111
001011111111111111111000
001011111111111111111001
001011111111111111111010
001011111111111111111011
001011111111111111111100
001011111111111111111101
001011111111111111111110
001011111111111111111111
001100001111000011110000
001100001111000011111111
001100001111001111111111
001100001111110011111111
001100001111111111110000
001100001111111111110011
001100001111111111111100
001100001111111111111111
001100011111001111111111
001100011111111111110011
001100011111111111111111
001100101111001111111111
001100101111111111111100
001100101111111111111111
001100111111000011111111
001100111111000111111111
001100111111001011111111
001100111111001111111111
001100111111110011111111
001100111111110111111111
001100111111111011111111
001100111111111111111111
001111001111000011111111
001111001111001111111111
001111001111110011111111
001111001111111111111111
001111011111001111111111
001111011111111111111100
001111011111111111111101
001111011111111111111110
001111011111111111111111
001111101111001111111111
001111101111111111110011
001111101111111111110111
001111101111111111111011
001111101111111111111111
001111111111000011110000
001111111111000011110101
001111111111000011111010
001111111111000011111111
001111111111000111110101
001111111111000111111111
001111111111001011111010
001111111111001011111111
001111111111001111111111
001111111111110011111111
001111111111110111111010
001111111111110111111011
001111111111110111111110
001111111111110111111111
001111111111111011110101
001111111111111011110111
001111111111111011111101
001111111111111011111111
001111111111111111110000
001111111111111111110001
001111111111111111110010
001111111111111111110011
001111111111111111110100
001111111111111111110101
001111111111111111110110
001111111111111111110111
001111111111111111111000
001111111111111111111001
001111111111111111111010
001111111111111111111011
001111111111111111111100
001111111111111111111101
001111111111111111111110
001111111111111111111111
010011001111110011111111
010011001111111100111111
010011001111111111111111
010011110011110011111111
010011110011111100111111
010011110011111111111111
010011111111110011111111
010011111111111100111111
010011111111111111110000
010011111111111111110001
010011111111111111110010
010011111111111111110011
010011111111111111110100
010011111111111111110101
010011111111111111110110
010011111111111111110111
010011111111111111111000
010011111111111111111001
010011111111111111111010
010011111111111111111011
010011111111111111111100
010011111111111111111101
010011111111111111111110
010011111111111111111111
010111110000111100000000
010111110000111100001111
010111110000111100111111
010111110000111111001111
010111110000111111110000
010111110000111111110011
010111110000111111111100
010111110000111111111111
010111110001111100111111
010111110001111111110011
010111110001111111111111
010111110010111100111111
010111110010111111111100
010111110010111111111111
010111110011111100001111
010111110011111100011111
010111110011111100101111
010111110011111100111111
010111110011111111001111
010111110011111111011111
010111110011111111101111
010111110011111111111111
010111111100111100001111
010111111100111100111111
010111111100111111001111
010111111100111111111111
010111111101111100111111
010111111101111111111100
010111111101111111111101
010111111101111111111110
010111111101111111111111
010111111110111100111111
010111111110111111110011
010111111110111111110111
010111111110111111111011
010111111110111111111111
010111111111111100000000
010111111111111100000101
010111111111111100001010
010111111111111100001111
010111111111111100010101
010111111111111100011111
010111111111111100101010
010111111111111100101111
010111111111111100111111
010111111111111111001111
010111111111111111011010
010111111111111111011011
010111111111111111011110
010111111111111111011111
010111111111111111100101
010111111111111111100111
010111111111111111101101
010111111111111111101111
010111111111111111110000
010111111111111111110001
010111111111111111110010
010111111111111111110011
010111111111111111110100
010111111111111111110101
010111111111111111110110
010111111111111111110111
010111111111111111111000
010111111111111111111001
010111111111111111111010
010111111111111111111011
010111111111111111111100
010111111111111111111101
010111111111111111111110
010111111111111111111111
011011111111111111110000
011011111111111111110001
011011111111111111110010
011011111111111111110011
011011111111111111110100
011011111111111111110101
011011111111111111110110
011011111111111111110111
011011111111111111111000
011011111111111111111001
011011111111111111111010
011011111111111111111011
011011111111111111111100
011011111111111111111101
011011111111111111111110
011011111111111111111111
011111001111110011111111
011111001111111111001111
011111001111111111011111
011111001111111111101111
011111001111111111111111
011111011110111111111111
011111011111111111001111
011111011111111111011110
011111011111111111011111
011111011111111111101101
011111011111111111101111
011111011111111111111100
011111011111111111111101
011111011111111111111110
011111011111111111111111
011111101101111111111111
011111101111111111001111
011111101111111111011011
011111101111111111011111
011111101111111111100111
011111101111111111101111
011111101111111111110011
011111101111111111110111
011111101111111111111011
011111101111111111111111
011111111100110011111111
011111111100110111111111
011111111100111011111111
011111111100111111001111
011111111100111111111111
011111111101110011111111
011111111101110111111110
011111111101110111111111
011111111101111011111101
011111111101111011111111
011111111101111111111100
011111111101111111111101
011111111101111111111110
011111111101111111111111
011111111110110011111111
011111111110110111111011
011111111110110111111111
011111111110111011110111
011111111110111011111111
011111111110111111110011
011111111110111111110111
011111111110111111111011
011111111110111111111111
011111111111110011111111
011111111111110111101111
011111111111110111111010
011111111111110111111011
011111111111110111111110
011111111111110111111111
011111111111111011011111
011111111111111011110101
011111111111111011110111
011111111111111011111101
011111111111111011111111
011111111111111111001111
011111111111111111011010
011111111111111111011011
011111111111111111011110
011111111111111111011111
011111111111111111100101
011111111111111111100111
011111111111111111101101
011111111111111111101111
011111111111111111110000
011111111111111111110001
011111111111111111110010
011111111111111111110011
011111111111111111110100
011111111111111111110101
011111111111111111110110
011111111111111111110111
011111111111111111111000
011111111111111111111001
011111111111111111111010
011111111111111111111011
011111111111111111111100
011111111111111111111101
011111111111111111111110
011111111111111111111111
100011001111110011111111
100011001111111111001111
100011001111111111111111
100011111100110011111111
100011111100111111001111
100011111100111111111111
100011111111110011111111
100011111111111111001111
100011111111111111110000
100011111111111111110001
100011111111111111110010
100011111111111111110011
100011111111111111110100
100011111111111111110101
100011111111111111110110
100011111111111111110111
100011111111111111111000
100011111111111111111001
100011111111111111111010
100011111111111111111011
100011111111111111111100
100011111111111111111101
100011111111111111111110
100011111111111111111111
100111111111111111110000
100111111111111111110001
100111111111111111110010
100111111111111111110011
100111111111111111110100
100111111111111111110101
100111111111111111110110
100111111111111111110111
100111111111111111111000
100111111111111111111001
100111111111111111111010
100111111111111111111011
100111111111111111111100
100111111111111111111101
100111111111111111111110
100111111111111111111111
101011110000111100000000
101011110000111100001111
101011110000111100111111
101011110000111111001111
101011110000111111110000
101011110000111111110011
101011110000111111111100
101011110000111111111111
101011110011111100001111
101011110011111100111111
101011110011111111001111
101011110011111111111111
101011110100111111001111
101011110100111111110011
101011110100111111111111
101011110111111111001111
101011110111111111111100
101011110111111111111101
101011110111111111111110
101011110111111111111111
101011111000111111001111
101011111000111111111100
101011111000111111111111
101011111011111111001111
101011111011111111110011
101011111011111111110111
101011111011111111111011
101011111011111111111111
101011111100111100001111
101011111100111100111111
101011111100111101001111
101011111100111101111111
101011111100111110001111
101011111100111110111111
101011111100111111001111
101011111100111111111111
101011111111111100000000
101011111111111100000101
101011111111111100001010
101011111111111100001111
101011111111111100111111
101011111111111101000101
101011111111111101001111
101011111111111101111010
101011111111111101111011
101011111111111101111110
101011111111111101111111
101011111111111110001010
101011111111111110001111
101011111111111110110101
101011111111111110110111
101011111111111110111101
101011111111111110111111
101011111111111111001111
101011111111111111110000
101011111111111111110001
101011111111111111110010
101011111111111111110011
101011111111111111110100
101011111111111111110101
101011111111111111110110
101011111111111111110111
101011111111111111111000
101011111111111111111001
101011111111111111111010
101011111111111111111011
101011111111111111111100
101011111111111111111101
101011111111111111111110
101011111111111111111111
101111001111110011111111
101111001111111100111111
101111001111111101111111
101111001111111110111111
101111001111111111111111
101111011011111111111111
101111011111111100111111
101111011111111101111110
101111011111111101111111
101111011111111110111101
101111011111111110111111
101111011111111111111100
101111011111111111111101
101111011111111111111110
101111011111111111111111
101111100111111111111111
101111101111111100111111
101111101111111101111011
101111101111111101111111
101111101111111110110111
101111101111111110111111
101111101111111111110011
101111101111111111110111
101111101111111111111011
101111101111111111111111
101111110011110011111111
101111110011110111111111
101111110011111011111111
101111110011111100111111
101111110011111111111111
101111110111110011111111
101111110111110111111110
101111110111110111111111
101111110111111011111101
101111110111111011111111
101111110111111111111100
101111110111111111111101
101111110111111111111110
101111110111111111111111
101111111011110011111111
101111111011110111111011
101111111011110111111111
101111111011111011110111
101111111011111011111111
101111111011111111110011
101111111011111111110111
101111111011111111111011
101111111011111111111111
101111111111110011111111
101111111111110110111111
101111111111110111111010
101111111111110111111011
101111111111110111111110
101111111111110111111111
101111111111111001111111
101111111111111011110101
101111111111111011110111
101111111111111011111101
101111111111111011111111
101111111111111100111111
101111111111111101111010
101111111111111101111011
101111111111111101111110
101111111111111101111111
101111111111111110110101
101111111111111110110111
101111111111111110111101
101111111111111110111111
101111111111111111110000
101111111111111111110001
101111111111111111110010
101111111111111111110011
101111111111111111110100
101111111111111111110101
101111111111111111110110
101111111111111111110111
101111111111111111111000
101111111111111111111001
101111111111111111111010
101111111111111111111011
101111111111111111111100
101111111111111111111101
101111111111111111111110
101111111111111111111111
110000001111000011110000
110000001111000011111111
110000001111001111111111
110000001111110011111111
110000001111111111110000
110000001111111111110011
110000001111111111111100
110000001111111111111111
110000111111000011111111
110000111111001111111111
110000111111110011111111
110000111111111111111111
110001001111110011111111
110001001111111111110011
110001001111111111111111
110001111111110011111111
110001111111111111111100
110001111111111111111101
110001111111111111111110
110001111111111111111111
110010001111110011111111
110010001111111111111100
110010001111111111111111
110010111111110011111111
110010111111111111110011
110010111111111111110111
110010111111111111111011
110010111111111111111111
110011001111000011111111
110011001111001111111111
110011001111010011111111
110011001111011111111111
110011001111100011111111
110011001111101111111111
110011001111110011111111
110011001111111111111111
110011111111000011110000
110011111111000011110101
110011111111000011111010
110011111111000011111111
110011111111001111111111
110011111111010011110101
110011111111010011111111
110011111111011111111010
110011111111011111111011
110011111111011111111110
110011111111011111111111
110011111111100011111010
110011111111100011111111
110011111111101111110101
110011111111101111110111
110011111111101111111101
110011111111101111111111
110011111111110011111111
110011111111111111110000
110011111111111111110001
110011111111111111110010
110011111111111111110011
110011111111111111110100
110011111111111111110101
110011111111111111110110
110011111111111111110111
110011111111111111111000
110011111111111111111001
110011111111111111111010
110011111111111111111011
110011111111111111111100
110011111111111111111101
110011111111111111111110
110011111111111111111111
110100111111001111111111
110100111111111111001111
110100111111111111011111
110100111111111111101111
110100111111111111111111
110101111110111111111111
110101111111111111001111
110101111111111111011110
110101111111111111011111
110101111111111111101101
110101111111111111101111
110101111111111111111100
110101111111111111111101
110101111111111111111110
110101111111111111111111
110110111101111111111111
110110111111111111001111
110110111111111111011011
110110111111111111011111
110110111111111111100111
110110111111111111101111
110110111111111111110011
110110111111111111110111
110110111111111111111011
110110111111111111111111
110111111100001111111111
110111111100011111111111
110111111100101111111111
110111111100111111001111
110111111100111111111111
110111111101001111111111
110111111101011111111110
110111111101011111111111
110111111101101111111101
110111111101101111111111
110111111101111111111100
110111111101111111111101
110111111101111111111110
110111111101111111111111
110111111110001111111111
110111111110011111111011
110111111110011111111111
110111111110101111110111
110111111110101111111111
110111111110111111110011
110111111110111111110111
110111111110111111111011
110111111110111111111111
110111111111001111111111
110111111111011111101111
110111111111011111111010
110111111111011111111011
110111111111011111111110
110111111111011111111111
110111111111101111011111
110111111111101111110101
110111111111101111110111
110111111111101111111101
110111111111101111111111
110111111111111111001111
110111111111111111011010
110111111111111111011011
110111111111111111011110
110111111111111111011111
110111111111111111100101
110111111111111111100111
110111111111111111101101
110111111111111111101111
110111111111111111110000
110111111111111111110001
110111111111111111110010
110111111111111111110011
110111111111111111110100
110111111111111111110101
110111111111111111110110
110111111111111111110111
110111111111111111111000
110111111111111111111001
110111111111111111111010
110111111111111111111011
110111111111111111111100
110111111111111111111101
110111111111111111111110
110111111111111111111111
111000111111001111111111
111000111111111100111111
111000111111111101111111
111000111111111110111111
111000111111111111111111
111001111011111111111111
111001111111111100111111
111001111111111101111110
111001111111111101111111
111001111111111110111101
111001111111111110111111
111001111111111111111100
111001111111111111111101
111001111111111111111110
111001111111111111111111
111010110111111111111111
111010111111111100111111
111010111111111101111011
111010111111111101111111
111010111111111110110111
111010111111111110111111
111010111111111111110011
111010111111111111110111
111010111111111111111011
111010111111111111111111
111011110011001111111111
111011110011011111111111
111011110011101111111111
111011110011111100111111
111011110011111111111111
111011110111001111111111
111011110111011111111110
111011110111011111111111
111011110111101111111101
111011110111101111111111
111011110111111111111100
111011110111111111111101
111011110111111111111110
111011110111111111111111
111011111011001111111111
111011111011011111111011
111011111011011111111111
111011111011101111110111
111011111011101111111111
111011111011111111110011
111011111011111111110111
111011111011111111111011
111011111011111111111111
111011111111001111111111
111011111111011110111111
111011111111011111111010
111011111111011111111011
111011111111011111111110
111011111111011111111111
111011111111101101111111
111011111111101111110101
111011111111101111110111
111011111111101111111101
111011111111101111111111
111011111111111100111111
111011111111111101111010
111011111111111101111011
111011111111111101111110
111011111111111101111111
111011111111111110110101
111011111111111110110111
111011111111111110111101
111011111111111110111111
111011111111111111110000
111011111111111111110001
111011111111111111110010
111011111111111111110011
111011111111111111110100
111011111111111111110101
111011111111111111110110
111011111111111111110111
111011111111111111111000
111011111111111111111001
111011111111111111111010
111011111111111111111011
111011111111111111111100
111011111111111111111101
111011111111111111111110
111011111111111111111111
111100000000000000000000
111100000000000000001111
111100000000000011110000
111100000000000011111111
111100000000001111111111
111100000000110011111111
111100000000111100000000
111100000000111100001111
111100000000111100111111
111100000000111111001111
111100000000111111110000
111100000000111111110011
111100000000111111111100
111100000000111111111111
111100000101000011110000
111100000101000011111111
111100000101001111111111
111100000101110011111111
111100000101111111110000
111100000101111111110011
111100000101111111111100
111100000101111111111111
111100001010000011110000
111100001010000011111111
111100001010001111111111
111100001010110011111111
111100001010111111110000
111100001010111111110011
111100001010111111111100
111100001010111111111111
111100001111000000000000
111100001111000000001111
111100001111000001010000
111100001111000001011111
111100001111000010100000
111100001111000010101111
111100001111000011110000
111100001111000011111111
111100001111001111111111
111100001111110011111111
111100001111111100000000
111100001111111100001111
111100001111111100011111
111100001111111100101111
111100001111111100111111
111100001111111101001111
111100001111111101010000
111100001111111101011111
111100001111111101101111
111100001111111101111111
111100001111111110001111
111100001111111110011111
111100001111111110100000
111100001111111110101111
111100001111111110111111
111100001111111111001111
111100001111111111011111
111100001111111111101111
111100001111111111110000
111100001111111111110011
111100001111111111111100
111100001111111111111111
111100010101001111111111
111100010101111111110011
111100010101111111111111
111100011111001111111111
111100011111111100001111
111100011111111100011111
111100011111111100101111
111100011111111100111111
111100011111111101001111
111100011111111101011111
111100011111111101101111
111100011111111101111111
111100011111111110001111
111100011111111110011111
111100011111111110101111
111100011111111110111111
111100011111111111001111
111100011111111111011111
111100011111111111101111
111100011111111111110011
111100011111111111111111
111100101010001111111111
111100101010111111111100
111100101010111111111111
111100101111001111111111
111100101111111100001111
111100101111111100011111
111100101111111100101111
111100101111111100111111
111100101111111101001111
111100101111111101011111
111100101111111101101111
111100101111111101111111
111100101111111110001111
111100101111111110011111
111100101111111110101111
111100101111111110111111
111100101111111111001111
111100101111111111011111
111100101111111111101111
111100101111111111111100
111100101111111111111111
111100111111000000001111
111100111111000001011111
111100111111000010101111
111100111111000011111111
111100111111000101011111
111100111111000111111111
111100111111001010101111
111100111111001011111111
111100111111001111111111
111100111111110011111111
111100111111110110101111
111100111111110110111111
111100111111110111101111
111100111111110111111111
111100111111111001011111
111100111111111001111111
111100111111111011011111
111100111111111011111111
111100111111111100001111
111100111111111100011111
111100111111111100101111
111100111111111100111111
111100111111111101001111
111100111111111101011111
111100111111111101101111
111100111111111101111111
111100111111111110001111
111100111111111110011111
111100111111111110101111
111100111111111110111111
111100111111111111001111
111100111111111111011111
111100111111111111101111
111100111111111111111111
111101000101110011111111
111101000101111111110011
111101000101111111111111
111101001111110011111111
111101001111111100001111
111101001111111100011111
111101001111111100101111
111101001111111100111111
111101001111111101001111
111101001111111101011111
111101001111111101101111
111101001111111101111111
111101001111111110001111
111101001111111110011111
111101001111111110101111
111101001111111110111111
111101001111111111001111
111101001111111111011111
111101001111111111101111
111101001111111111110011
111101001111111111111111
111101010000111100000000
111101010000111100001111
111101010000111100111111
111101010000111111001111
111101010000111111110000
111101010000111111110011
111101010000111111111100
111101010000111111111111
111101010001111100111111
111101010001111111110011
111101010001111111111111
111101010100111111001111
111101010100111111110011
111101010100111111111111
111101010101111111110000
111101010101111111110001
111101010101111111110010
111101010101111111110011
111101010101111111111100
111101010101111111111101
111101010101111111111110
111101010101111111111111
111101011010111111110000
111101011010111111110011
111101011010111111111100
111101011010111111111111
111101011011111111001111
111101011011111111011111
111101011011111111101111
111101011011111111110011
111101011011111111111111
111101011110111100111111
111101011110111101111111
111101011110111110111111
111101011110111111110011
111101011110111111111111
111101011111111100000000
111101011111111100001111
111101011111111100011111
111101011111111100101111
111101011111111100111111
111101011111111101001111
111101011111111101010000
111101011111111101010001
111101011111111101011110
111101011111111101011111
111101011111111101101111
111101011111111101111110
111101011111111101111111
111101011111111110001111
111101011111111110011111
111101011111111110100000
111101011111111110100010
111101011111111110101101
111101011111111110101111
111101011111111110111101
111101011111111110111111
111101011111111111001111
111101011111111111011110
111101011111111111011111
111101011111111111101101
111101011111111111101111
111101011111111111110000
111101011111111111110001
111101011111111111110010
111101011111111111110011
111101011111111111111100
111101011111111111111101
111101011111111111111110
111101011111111111111111
111101101111111100001111
111101101111111100011111
111101101111111100101111
111101101111111100111111
111101101111111101001111
111101101111111101011111
111101101111111101101111
111101101111111101111111
111101101111111110001111
111101101111111110011111
111101101111111110101111
111101101111111110111111
111101101111111111001111
111101101111111111011111
111101101111111111101111
111101101111111111111111
111101111010110011111111
111101111010110111111111
111101111010111011111111
111101111010111111111100
111101111010111111111111
111101111011110011111111
111101111011110111101111
111101111011110111111111
111101111011111011011111
111101111011111011111111
111101111011111111001111
111101111011111111011111
111101111011111111101111
111101111011111111111111
111101111110110011111111
111101111110110110111111
111101111110110111111111
111101111110111001111111
111101111110111011111111
111101111110111100111111
111101111110111101111111
111101111110111110111111
111101111110111111111111
111101111111110011111111
111101111111110110101111
111101111111110110111111
111101111111110111101111
111101111111110111111110
111101111111110111111111
111101111111111001011111
111101111111111001111111
111101111111111011011111
111101111111111011111101
111101111111111011111111
111101111111111100001111
111101111111111100011111
111101111111111100101111
111101111111111100111111
111101111111111101001111
111101111111111101011110
111101111111111101011111
111101111111111101101111
111101111111111101111110
111101111111111101111111
111101111111111110001111
111101111111111110011111
111101111111111110101101
111101111111111110101111
111101111111111110111101
111101111111111110111111
111101111111111111001111
111101111111111111011110
111101111111111111011111
111101111111111111101101
111101111111111111101111
111101111111111111111100
111101111111111111111101
111101111111111111111110
111101111111111111111111
111110001010110011111111
111110001010111111111100
111110001010111111111111
111110001111110011111111
111110001111111100001111
111110001111111100011111
111110001111111100101111
111110001111111100111111
111110001111111101001111
111110001111111101011111
111110001111111101101111
111110001111111101111111
111110001111111110001111
111110001111111110011111
111110001111111110101111
111110001111111110111111
111110001111111111001111
111110001111111111011111
111110001111111111101111
111110001111111111111100
111110001111111111111111
111110011111111100001111
111110011111111100011111
111110011111111100101111
111110011111111100111111
111110011111111101001111
111110011111111101011111
111110011111111101101111
111110011111111101111111
111110011111111110001111
111110011111111110011111
111110011111111110101111
111110011111111110111111
111110011111111111001111
111110011111111111011111
111110011111111111101111
111110011111111111111111
111110100000111100000000
111110100000111100001111
111110100000111100111111
111110100000111111001111
111110100000111111110000
111110100000111111110011
111110100000111111111100
111110100000111111111111
111110100010111100111111
111110100010111111111100
111110100010111111111111
111110100101111111110000
111110100101111111110011
111110100101111111111100
111110100101111111111111
111110100111111111001111
111110100111111111011111
111110100111111111101111
111110100111111111111100
111110100111111111111111
111110101000111111001111
111110101000111111111100
111110101000111111111111
111110101010111111110000
111110101010111111110011
111110101010111111110100
111110101010111111110111
111110101010111111111000
111110101010111111111011
111110101010111111111100
111110101010111111111111
111110101101111100111111
111110101101111101111111
111110101101111110111111
111110101101111111111100
111110101101111111111111
111110101111111100000000
111110101111111100001111
111110101111111100011111
111110101111111100101111
111110101111111100111111
111110101111111101001111
111110101111111101010000
111110101111111101010100
111110101111111101011011
111110101111111101011111
111110101111111101101111
111110101111111101111011
111110101111111101111111
111110101111111110001111
111110101111111110011111
111110101111111110100000
111110101111111110100111
111110101111111110101000
111110101111111110101111
111110101111111110110111
111110101111111110111111
111110101111111111001111
111110101111111111011011
111110101111111111011111
111110101111111111100111
111110101111111111101111
111110101111111111110000
111110101111111111110011
111110101111111111110100
111110101111111111110111
111110101111111111111000
111110101111111111111011
111110101111111111111100
111110101111111111111111
111110110101110011111111
111110110101110111111111
111110110101111011111111
111110110101111111110011
111110110101111111111111
111110110111110011111111
111110110111110111101111
111110110111110111111111
111110110111111011011111
111110110111111011111111
111110110111111111001111
111110110111111111011111
111110110111111111101111
111110110111111111111111
111110111101110011111111
111110111101110110111111
111110111101110111111111
111110111101111001111111
111110111101111011111111
111110111101111100111111
111110111101111101111111
111110111101111110111111
111110111101111111111111
111110111111110011111111
111110111111110110101111
111110111111110110111111
111110111111110111101111
111110111111110111111011
111110111111110111111111
111110111111111001011111
111110111111111001111111
111110111111111011011111
111110111111111011110111
111110111111111011111111
111110111111111100001111
111110111111111100011111
111110111111111100101111
111110111111111100111111
111110111111111101001111
111110111111111101011011
111110111111111101011111
111110111111111101101111
111110111111111101111011
111110111111111101111111
111110111111111110001111
111110111111111110011111
111110111111111110100111
111110111111111110101111
111110111111111110110111
111110111111111110111111
111110111111111111001111
111110111111111111011011
111110111111111111011111
111110111111111111100111
111110111111111111101111
111110111111111111110011
111110111111111111110111
111110111111111111111011
111110111111111111111111
111111001111000000001111
111111001111000001011111
111111001111000010101111
111111001111000011111111
111111001111001111111111
111111001111010001011111
111111001111010011111111
111111001111011110101111
111111001111011110111111
111111001111011111101111
111111001111011111111111
111111001111100010101111
111111001111100011111111
111111001111101101011111
111111001111101101111111
111111001111101111011111
111111001111101111111111
111111001111110011111111
111111001111111100001111
111111001111111100011111
111111001111111100101111
111111001111111100111111
111111001111111101001111
111111001111111101011111
111111001111111101101111
111111001111111101111111
111111001111111110001111
111111001111111110011111
111111001111111110101111
111111001111111110111111
111111001111111111001111
111111001111111111011111
111111001111111111101111
111111001111111111111111
111111011010001111111111
111111011010011111111111
111111011010101111111111
111111011010111111111100
111111011010111111111111
111111011011001111111111
111111011011011111101111
111111011011011111111111
111111011011101111011111
111111011011101111111111
111111011011111111001111
111111011011111111011111
111111011011111111101111
111111011011111111111111
111111011110001111111111
111111011110011110111111
111111011110011111111111
111111011110101101111111
111111011110101111111111
111111011110111100111111
111111011110111101111111
111111011110111110111111
111111011110111111111111
111111011111001111111111
111111011111011110101111
111111011111011110111111
111111011111011111101111
111111011111011111111110
111111011111011111111111
111111011111101101011111
111111011111101101111111
111111011111101111011111
111111011111101111111101
111111011111101111111111
111111011111111100001111
111111011111111100011111
111111011111111100101111
111111011111111100111111
111111011111111101001111
111111011111111101011110
111111011111111101011111
111111011111111101101111
111111011111111101111110
111111011111111101111111
111111011111111110001111
111111011111111110011111
111111011111111110101101
111111011111111110101111
111111011111111110111101
111111011111111110111111
111111011111111111001111
111111011111111111011110
111111011111111111011111
111111011111111111101101
111111011111111111101111
111111011111111111111100
111111011111111111111101
111111011111111111111110
111111011111111111111111
111111100101001111111111
111111100101011111111111
111111100101101111111111
111111100101111111110011
111111100101111111111111
111111100111001111111111
111111100111011111101111
111111100111011111111111
111111100111101111011111
111111100111101111111111
111111100111111111001111
111111100111111111011111
111111100111111111101111
111111100111111111111111
111111101101001111111111
111111101101011110111111
111111101101011111111111
111111101101101101111111
111111101101101111111111
111111101101111100111111
111111101101111101111111
111111101101111110111111
111111101101111111111111
111111101111001111111111
111111101111011110101111
111111101111011110111111
111111101111011111101111
111111101111011111111011
111111101111011111111111
111111101111101101011111
111111101111101101111111
111111101111101111011111
111111101111101111110111
111111101111101111111111
111111101111111100001111
111111101111111100011111
111111101111111100101111
111111101111111100111111
111111101111111101001111
111111101111111101011011
111111101111111101011111
111111101111111101101111
111111101111111101111011
111111101111111101111111
111111101111111110001111
111111101111111110011111
111111101111111110100111
111111101111111110101111
111111101111111110110111
111111101111111110111111
111111101111111111001111
111111101111111111011011
111111101111111111011111
111111101111111111100111
111111101111111111101111
111111101111111111110011
111111101111111111110111
111111101111111111111011
111111101111111111111111
111111110000000000000000
111111110000000000001111
111111110000000011110000
111111110000000011111111
111111110000000111111111
111111110000001011111111
111111110000001111111111
111111110000010011111111
111111110000010100000000
111111110000010100001111
111111110000010111110000
111111110000010111111111
111111110000011011111111
111111110000011111111111
111111110000100011111111
111111110000100111111111
111111110000101000000000
111111110000101000001111
111111110000101011110000
111111110000101011111111
111111110000101111111111
111111110000110011111111
111111110000110111111111
111111110000111011111111
111111110000111100000000
111111110000111100001111
111111110000111100111111
111111110000111111001111
111111110000111111110000
111111110000111111110011
111111110000111111111100
111111110000111111111111
111111110001000011111111
111111110001000111111111
111111110001001011111111
111111110001001111111111
111111110001010011111111
111111110001010111111111
111111110001011011111111
111111110001011111111111
111111110001100011111111
111111110001100111111111
111111110001101011111111
111111110001101111111111
111111110001110011111111
111111110001110111111111
111111110001111011111111
111111110001111100111111
111111110001111111110011
111111110001111111111111
111111110010000011111111
111111110010000111111111
111111110010001011111111
111111110010001111111111
111111110010010011111111
111111110010010111111111
111111110010011011111111
111111110010011111111111
111111110010100011111111
111111110010100111111111
111111110010101011111111
111111110010101111111111
111111110010110011111111
111111110010110111111111
111111110010111011111111
111111110010111100111111
111111110010111111111100
111111110010111111111111
111111110011000000001111
111111110011000011111111
111111110011000111111111
111111110011001011111111
111111110011001111111111
111111110011010011111111
111111110011010100001111
111111110011010100011111
111111110011010111101111
111111110011010111111111
111111110011011011111111
111111110011011111101111
111111110011011111111111
111111110011100011111111
111111110011100111111111
111111110011101000001111
111111110011101000101111
111111110011101011011111
111111110011101011111111
111111110011101111011111
111111110011101111111111
111111110011110011111111
111111110011110111101111
111111110011110111111111
111111110011111011011111
111111110011111011111111
111111110011111100001111
111111110011111100011111
111111110011111100101111
111111110011111100111111
111111110011111111001111
111111110011111111011111
111111110011111111101111
111111110011111111111111
111111110100000011111111
111111110100000111111111
111111110100001011111111
111111110100001111111111
111111110100010011111111
111111110100010111111111
111111110100011011111111
111111110100011111111111
111111110100100011111111
111111110100100111111111
111111110100101011111111
111111110100101111111111
111111110100110011111111
111111110100110111111111
111111110100111011111111
111111110100111111001111
111111110100111111110011
111111110100111111111111
111111110101000011110000
111111110101000011111111
111111110101000111111111
111111110101001011111111
111111110101001111111111
111111110101010011111111
111111110101010111110000
111111110101010111110001
111111110101010111111110
111111110101010111111111
111111110101011011111111
111111110101011111111110
111111110101011111111111
111111110101100011111111
111111110101100111111111
111111110101101011110000
111111110101101011110010
111111110101101011111101
111111110101101011111111
111111110101101111111101
111111110101101111111111
111111110101110011111111
111111110101110111111110
111111110101110111111111
111111110101111011111101
111111110101111011111111
111111110101111111110000
111111110101111111110001
111111110101111111110010
111111110101111111110011
111111110101111111111100
111111110101111111111101
111111110101111111111110
111111110101111111111111
111111110110000011111111
111111110110000111111111
111111110110001011111111
111111110110001111111111
111111110110010011111111
111111110110010111111111
111111110110011011111111
111111110110011111111111
111111110110100011111111
111111110110100111111111
111111110110101011111111
111111110110101111111111
111111110110110011111111
111111110110110111111111
111111110110111011111111
111111110110111111111111
111111110111000011111111
111111110111000111111111
111111110111001011111111
111111110111001111111111
111111110111010011111111
111111110111010111101111
111111110111010111111110
111111110111010111111111
111111110111011011111111
111111110111011111101111
111111110111011111111110
111111110111011111111111
111111110111100011111111
111111110111100111111111
111111110111101011011111
111111110111101011111101
111111110111101011111111
111111110111101111011111
111111110111101111111101
111111110111101111111111
111111110111110011111111
111111110111110111101111
111111110111110111111110
111111110111110111111111
111111110111111011011111
111111110111111011111101
111111110111111011111111
111111110111111111001111
111111110111111111011110
111111110111111111011111
111111110111111111101101
111111110111111111101111
111111110111111111111100
111111110111111111111101
111111110111111111111110
111111110111111111111111
111111111000000011111111
111111111000000111111111
111111111000001011111111
111111111000001111111111
111111111000010011111111
111111111000010111111111
111111111000011011111111
111111111000011111111111
111111111000100011111111
111111111000100111111111
111111111000101011111111
111111111000101111111111
111111111000110011111111
111111111000110111111111
111111111000111011111111
111111111000111111001111
111111111000111111111100
111111111000111111111111
111111111001000011111111
111111111001000111111111
111111111001001011111111
111111111001001111111111
111111111001010011111111
111111111001010111111111
111111111001011011111111
111111111001011111111111
111111111001100011111111
111111111001100111111111
111111111001101011111111
111111111001101111111111
111111111001110011111111
111111111001110111111111
111111111001111011111111
111111111001111111111111
111111111010000011110000
111111111010000011111111
111111111010000111111111
111111111010001011111111
111111111010001111111111
111111111010010011111111
111111111010010111110000
111111111010010111110100
111111111010010111111011
111111111010010111111111
111111111010011011111111
111111111010011111111011
111111111010011111111111
111111111010100011111111
111111111010100111111111
111111111010101011110000
111111111010101011110111
111111111010101011111000
111111111010101011111111
111111111010101111110111
111111111010101111111111
111111111010110011111111
111111111010110111111011
111111111010110111111111
111111111010111011110111
111111111010111011111111
111111111010111111110000
111111111010111111110011
111111111010111111110100
111111111010111111110111
111111111010111111111000
111111111010111111111011
111111111010111111111100
111111111010111111111111
111111111011000011111111
111111111011000111111111
111111111011001011111111
111111111011001111111111
111111111011010011111111
111111111011010111101111
111111111011010111111011
111111111011010111111111
111111111011011011111111
111111111011011111101111
111111111011011111111011
111111111011011111111111
111111111011100011111111
111111111011100111111111
111111111011101011011111
111111111011101011110111
111111111011101011111111
111111111011101111011111
111111111011101111110111
111111111011101111111111
111111111011110011111111
111111111011110111101111
111111111011110111111011
111111111011110111111111
111111111011111011011111
111111111011111011110111
111111111011111011111111
111111111011111111001111
111111111011111111011011
111111111011111111011111
111111111011111111100111
111111111011111111101111
111111111011111111110011
111111111011111111110111
111111111011111111111011
111111111011111111111111
111111111100000000001111
111111111100000011111111
111111111100000111111111
111111111100001011111111
111111111100001111111111
111111111100010011111111
111111111100010100001111
111111111100010101001111
111111111100010110111111
111111111100010111111111
111111111100011011111111
111111111100011110111111
111111111100011111111111
111111111100100011111111
111111111100100111111111
111111111100101000001111
111111111100101001111111
111111111100101010001111
111111111100101011111111
111111111100101101111111
111111111100101111111111
111111111100110011111111
111111111100110110111111
111111111100110111111111
111111111100111001111111
111111111100111011111111
111111111100111100001111
111111111100111100111111
111111111100111101001111
111111111100111101111111
111111111100111110001111
111111111100111110111111
111111111100111111001111
111111111100111111111111
111111111101000011111111
111111111101000111111111
111111111101001011111111
111111111101001111111111
111111111101010011111111
111111111101010110111111
111111111101010111111110
111111111101010111111111
111111111101011011111111
111111111101011110111111
111111111101011111111110
111111111101011111111111
111111111101100011111111
111111111101100111111111
111111111101101001111111
111111111101101011111101
111111111101101011111111
111111111101101101111111
111111111101101111111101
111111111101101111111111
111111111101110011111111
111111111101110110111111
111111111101110111111110
111111111101110111111111
111111111101111001111111
111111111101111011111101
111111111101111011111111
111111111101111100111111
111111111101111101111110
111111111101111101111111
111111111101111110111101
111111111101111110111111
111111111101111111111100
111111111101111111111101
111111111101111111111110
111111111101111111111111
111111111110000011111111
111111111110000111111111
111111111110001011111111
111111111110001111111111
111111111110010011111111
111111111110010110111111
111111111110010111111011
111111111110010111111111
111111111110011011111111
111111111110011110111111
111111111110011111111011
111111111110011111111111
111111111110100011111111
111111111110100111111111
111111111110101001111111
111111111110101011110111
111111111110101011111111
111111111110101101111111
111111111110101111110111
111111111110101111111111
111111111110110011111111
111111111110110110111111
111111111110110111111011
111111111110110111111111
111111111110111001111111
111111111110111011110111
111111111110111011111111
111111111110111100111111
111111111110111101111011
111111111110111101111111
111111111110111110110111
111111111110111110111111
111111111110111111110011
111111111110111111110111
111111111110111111111011
111111111110111111111111
111111111111000000000000
111111111111000000000101
111111111111000000001010
111111111111000000001111
111111111111000001010000
111111111111000001010101
111111111111000001011010
111111111111000001011111
111111111111000010100000
111111111111000010100101
111111111111000010101010
111111111111000010101111
111111111111000011110000
111111111111000011110101
111111111111000011111010
111111111111000011111111
111111111111000101010101
111111111111000101011111
111111111111000111110101
111111111111000111111111
111111111111001010101010
111111111111001010101111
111111111111001011111010
111111111111001011111111
111111111111001111111111
111111111111010001010101
111111111111010001011111
111111111111010011110101
111111111111010011111111
111111111111010100000000
111111111111010100000101
111111111111010100001010
111111111111010100001111
111111111111010100010101
111111111111010100011111
111111111111010101000101
111111111111010101001111
111111111111010101010000
111111111111010101010001
111111111111010101010100
111111111111010101010101
111111111111010101011010
111111111111010101011011
111111111111010101011110
111111111111010101011111
111111111111010110100000
111111111111010110100101
111111111111010110101010
111111111111010110101111
111111111111010110110101
111111111111010110111111
111111111111010111100101
111111111111010111101111
111111111111010111110000
111111111111010111110001
111111111111010111110100
111111111111010111110101
111111111111010111111010
111111111111010111111011
111111111111010111111110
111111111111010111111111
111111111111011011111111
111111111111011110101010
111111111111011110101111
111111111111011110111111
111111111111011111101111
111111111111011111111010
111111111111011111111011
111111111111011111111110
111111111111011111111111
111111111111100010101010
111111111111100010101111
111111111111100011111010
111111111111100011111111
111111111111100111111111
111111111111101000000000
111111111111101000000101
111111111111101000001010
111111111111101000001111
111111111111101000101010
111111111111101000101111
111111111111101001010000
111111111111101001010101
111111111111101001011010
111111111111101001011111
111111111111101001111010
111111111111101001111111
111111111111101010001010
111111111111101010001111
111111111111101010100000
111111111111101010100010
111111111111101010100101
111111111111101010100111
111111111111101010101000
111111111111101010101010
111111111111101010101101
111111111111101010101111
111111111111101011011010
111111111111101011011111
111111111111101011110000
111111111111101011110010
111111111111101011110101
111111111111101011110111
111111111111101011111000
111111111111101011111010
111111111111101011111101
111111111111101011111111
111111111111101101010101
111111111111101101011111
111111111111101101111111
111111111111101111011111
111111111111101111110101
111111111111101111110111
111111111111101111111101
111111111111101111111111
111111111111110011111111
111111111111110110101010
111111111111110110101111
111111111111110110111111
111111111111110111101111
111111111111110111111010
111111111111110111111011
111111111111110111111110
111111111111110111111111
111111111111111001010101
111111111111111001011111
111111111111111001111111
111111111111111011011111
111111111111111011110101
111111111111111011110111
111111111111111011111101
111111111111111011111111
111111111111111100000000
111111111111111100000101
111111111111111100001010
111111111111111100001111
111111111111111100010101
111111111111111100011111
111111111111111100101010
111111111111111100101111
111111111111111100111111
111111111111111101000101
111111111111111101001111
111111111111111101010000
111111111111111101010001
111111111111111101010100
111111111111111101010101
111111111111111101011010
111111111111111101011011
111111111111111101011110
111111111111111101011111
111111111111111101101111
111111111111111101111010
111111111111111101111011
111111111111111101111110
111111111111111101111111
111111111111111110001010
111111111111111110001111
111111111111111110011111
111111111111111110100000
111111111111111110100010
111111111111111110100101
111111111111111110100111
111111111111111110101000
111111111111111110101010
111111111111111110101101
111111111111111110101111
111111111111111110110101
111111111111111110110111
111111111111111110111101
111111111111111110111111
111111111111111111001111
111111111111111111011010
111111111111111111011011
111111111111111111011110
111111111111111111011111
111111111111111111100101
111111111111111111100111
111111111111111111101101
111111111111111111101111
111111111111111111110000
111111111111111111110001
111111111111111111110010
111111111111111111110011
111111111111111111110100
111111111111111111110101
111111111111111111110110
111111111111111111110111
111111111111111111111000
111111111111111111111001
111111111111111111111010
111111111111111111111011
111111111111111111111100
111111111111111111111101
111111111111111111111110
111111111111111111111111
